,Periodo,Comunidad,Total,Menores_25,Mayores_25,Parados_hombres,Parados_mujeres,Var_PIB,Año,Trimestre
160,2019T4,Total_Nacional,13.78,30.51,12.61,12.23,15.55,1.0641,2019,4
161,2019T4,Andalucía,20.8,41.0,19.31,17.82,24.4,1.0641,2019,4
162,2019T4,Aragón,9.93,22.57,9.05,8.7,11.38,1.0641,2019,4
163,2019T4,Asturias,13.14,30.55,12.39,12.71,13.59,1.0641,2019,4
164,2019T4,Islas_Baleares,9.91,25.75,8.76,9.43,10.47,1.0641,2019,4
165,2019T4,Canarias,18.78,35.34,17.51,17.47,20.27,1.0641,2019,4
166,2019T4,Cantabria,11.18,24.25,10.56,10.32,12.13,1.0641,2019,4
167,2019T4,Castilla_y_León,11.2,27.27,10.29,9.71,12.96,1.0641,2019,4
168,2019T4,Castilla_La_Mancha,16.56,36.44,15.06,12.31,21.92,1.0641,2019,4
169,2019T4,Cataluña,10.45,26.27,9.1,9.97,10.97,1.0641,2019,4
170,2019T4,Valencia,14.13,26.16,13.28,11.86,16.81,1.0641,2019,4
171,2019T4,Extremadura,23.48,46.31,21.82,19.26,28.68,1.0641,2019,4
172,2019T4,Galicia,11.74,27.42,10.98,10.3,13.29,1.0641,2019,4
173,2019T4,Madrid,9.99,24.27,9.07,9.4,10.6,1.0641,2019,4
174,2019T4,Murcia,16.08,38.69,14.07,12.95,19.98,1.0641,2019,4
175,2019T4,Navarra,9.01,17.76,8.53,8.12,10.02,1.0641,2019,4
176,2019T4,País_Vasco,9.09,25.54,8.19,8.59,9.62,1.0641,2019,4
177,2019T4,La_Rioja,9.89,20.24,9.26,10.39,9.33,1.0641,2019,4
178,2019T4,Ceuta,27.58,53.26,25.17,25.26,30.96,1.0641,2019,4
179,2019T4,Melilla,26.81,61.75,22.79,21.31,33.2,1.0641,2019,4
180,2019T3,Total_Nacional,13.92,31.68,12.55,12.17,15.92,0.5691,2019,3
181,2019T3,Andalucía,21.83,43.7,20.03,18.35,26.04,0.5691,2019,3
182,2019T3,Aragón,9.69,27.43,8.38,8.67,10.92,0.5691,2019,3
183,2019T3,Asturias,14.43,28.4,13.8,14.17,14.71,0.5691,2019,3
184,2019T3,Islas_Baleares,8.18,22.02,6.88,8.0,8.39,0.5691,2019,3
185,2019T3,Canarias,21.19,40.77,19.72,18.77,23.96,0.5691,2019,3
186,2019T3,Cantabria,8.73,27.48,7.8,8.13,9.42,0.5691,2019,3
187,2019T3,Castilla_y_León,11.18,25.82,10.19,9.66,13.0,0.5691,2019,3
188,2019T3,Castilla_La_Mancha,16.1,39.04,14.2,12.25,21.03,0.5691,2019,3
189,2019T3,Cataluña,10.87,23.7,9.67,10.31,11.48,0.5691,2019,3
190,2019T3,Valencia,13.91,29.28,12.65,11.44,16.84,0.5691,2019,3
191,2019T3,Extremadura,19.68,40.43,17.99,15.3,25.09,0.5691,2019,3
192,2019T3,Galicia,11.49,26.24,10.69,9.84,13.27,0.5691,2019,3
193,2019T3,Madrid,10.26,29.69,8.97,9.41,11.17,0.5691,2019,3
194,2019T3,Murcia,14.16,32.16,12.43,12.2,16.62,0.5691,2019,3
195,2019T3,Navarra,8.19,26.79,6.77,6.64,9.96,0.5691,2019,3
196,2019T3,País_Vasco,9.26,29.23,8.01,8.26,10.34,0.5691,2019,3
197,2019T3,La_Rioja,8.99,28.09,7.66,9.8,8.05,0.5691,2019,3
198,2019T3,Ceuta,28.76,54.35,26.33,26.05,32.54,0.5691,2019,3
199,2019T3,Melilla,28.99,66.68,25.17,22.43,36.76,0.5691,2019,3
200,2019T2,Total_Nacional,14.02,33.14,12.67,12.49,15.78,0.7273,2019,2
201,2019T2,Andalucía,21.04,40.94,19.53,17.67,25.08,0.7273,2019,2
202,2019T2,Aragón,9.98,29.7,8.66,8.62,11.59,0.7273,2019,2
203,2019T2,Asturias,14.17,26.23,13.65,12.35,16.07,0.7273,2019,2
204,2019T2,Islas_Baleares,12.13,33.55,10.32,9.2,15.47,0.7273,2019,2
205,2019T2,Canarias,21.0,48.06,19.07,20.54,21.54,0.7273,2019,2
206,2019T2,Cantabria,9.01,30.54,8.22,8.82,9.23,0.7273,2019,2
207,2019T2,Castilla_y_León,11.76,33.6,10.49,9.99,13.9,0.7273,2019,2
208,2019T2,Castilla_La_Mancha,16.42,42.05,14.47,12.77,21.1,0.7273,2019,2
209,2019T2,Cataluña,11.17,24.58,9.98,10.97,11.37,0.7273,2019,2
210,2019T2,Valencia,14.3,36.9,12.66,12.08,16.92,0.7273,2019,2
211,2019T2,Extremadura,20.46,45.35,18.7,15.36,26.86,0.7273,2019,2
212,2019T2,Galicia,11.33,26.84,10.6,10.72,11.98,0.7273,2019,2
213,2019T2,Madrid,10.54,29.24,9.35,9.8,11.32,0.7273,2019,2
214,2019T2,Murcia,13.36,29.89,11.94,10.77,16.65,0.7273,2019,2
215,2019T2,Navarra,7.58,22.65,6.61,6.78,8.5,0.7273,2019,2
216,2019T2,País_Vasco,8.63,23.11,7.8,9.55,7.63,0.7273,2019,2
217,2019T2,La_Rioja,9.86,22.35,8.96,10.02,9.67,0.7273,2019,2
218,2019T2,Ceuta,24.61,56.53,21.6,22.71,27.34,0.7273,2019,2
219,2019T2,Melilla,26.21,71.15,22.01,22.6,30.9,0.7273,2019,2
220,2019T1,Total_Nacional,14.7,34.97,13.31,12.9,16.74,0.6539,2019,1
221,2019T1,Andalucía,21.08,40.93,19.62,17.49,25.37,0.6539,2019,1
222,2019T1,Aragón,10.5,30.23,9.32,9.2,12.08,0.6539,2019,1
223,2019T1,Asturias,15.03,29.59,14.37,13.97,16.15,0.6539,2019,1
224,2019T1,Islas_Baleares,17.06,36.45,15.5,14.74,19.82,0.6539,2019,1
225,2019T1,Canarias,21.03,45.09,19.25,20.46,21.69,0.6539,2019,1
226,2019T1,Cantabria,12.2,43.75,10.97,11.3,13.26,0.6539,2019,1
227,2019T1,Castilla_y_León,12.42,32.22,11.37,10.73,14.46,0.6539,2019,1
228,2019T1,Castilla_La_Mancha,15.74,38.78,14.05,11.6,21.01,0.6539,2019,1
229,2019T1,Cataluña,11.64,30.4,10.04,11.12,12.21,0.6539,2019,1
230,2019T1,Valencia,14.11,32.34,12.91,11.8,16.85,0.6539,2019,1
231,2019T1,Extremadura,22.52,47.01,20.82,16.48,30.11,0.6539,2019,1
232,2019T1,Galicia,12.47,31.47,11.67,12.15,12.82,0.6539,2019,1
233,2019T1,Madrid,11.7,33.16,10.37,10.64,12.82,0.6539,2019,1
234,2019T1,Murcia,15.12,32.74,13.67,11.59,19.62,0.6539,2019,1
235,2019T1,Navarra,8.19,22.93,7.38,8.04,8.37,0.6539,2019,1
236,2019T1,País_Vasco,9.62,31.59,8.38,9.14,10.12,0.6539,2019,1
237,2019T1,La_Rioja,11.1,28.9,9.9,10.29,11.98,0.6539,2019,1
238,2019T1,Ceuta,22.31,46.97,19.8,17.89,27.82,0.6539,2019,1
239,2019T1,Melilla,25.92,55.15,23.76,22.96,30.01,0.6539,2019,1
240,2018T4,Total_Nacional,14.45,33.54,13.11,12.87,16.26,1.2426,2018,4
241,2018T4,Andalucía,21.26,45.09,19.43,17.92,25.39,1.2426,2018,4
242,2018T4,Aragón,11.11,28.59,10.0,9.88,12.54,1.2426,2018,4
243,2018T4,Asturias,12.86,27.47,12.28,11.55,14.23,1.2426,2018,4
244,2018T4,Islas_Baleares,10.91,22.66,10.03,11.38,10.36,1.2426,2018,4
245,2018T4,Canarias,19.99,37.3,18.77,19.22,20.87,1.2426,2018,4
246,2018T4,Cantabria,9.68,35.31,8.58,8.35,11.28,1.2426,2018,4
247,2018T4,Castilla_y_León,11.21,25.47,10.43,9.78,12.93,1.2426,2018,4
248,2018T4,Castilla_La_Mancha,16.16,41.74,14.23,11.89,21.56,1.2426,2018,4
249,2018T4,Cataluña,11.75,27.64,10.36,10.91,12.67,1.2426,2018,4
250,2018T4,Valencia,14.3,33.16,13.04,12.56,16.35,1.2426,2018,4
251,2018T4,Extremadura,23.1,50.37,21.16,18.56,28.77,1.2426,2018,4
252,2018T4,Galicia,12.04,29.7,11.22,11.34,12.79,1.2426,2018,4
253,2018T4,Madrid,11.54,30.42,10.28,11.07,12.05,1.2426,2018,4
254,2018T4,Murcia,15.83,33.29,14.34,12.05,20.5,1.2426,2018,4
255,2018T4,Navarra,9.99,23.37,9.05,9.11,10.96,1.2426,2018,4
256,2018T4,País_Vasco,9.58,23.12,8.83,9.22,9.98,1.2426,2018,4
257,2018T4,La_Rioja,10.3,28.62,9.31,9.37,11.33,1.2426,2018,4
258,2018T4,Ceuta,24.02,52.56,21.12,18.97,30.53,1.2426,2018,4
259,2018T4,Melilla,23.85,60.21,20.41,20.81,27.99,1.2426,2018,4
260,2018T3,Total_Nacional,14.55,33.0,13.16,13.12,16.22,0.8581,2018,3
261,2018T3,Andalucía,22.85,46.0,20.99,19.41,27.08,0.8581,2018,3
262,2018T3,Aragón,9.87,24.99,8.85,7.85,12.24,0.8581,2018,3
263,2018T3,Asturias,13.45,35.06,12.52,13.03,13.9,0.8581,2018,3
264,2018T3,Islas_Baleares,7.16,14.34,6.49,7.52,6.76,0.8581,2018,3
265,2018T3,Canarias,19.64,37.47,18.3,19.16,20.2,0.8581,2018,3
266,2018T3,Cantabria,8.99,21.72,8.4,7.89,10.29,0.8581,2018,3
267,2018T3,Castilla_y_León,11.3,27.52,10.29,10.04,12.84,0.8581,2018,3
268,2018T3,Castilla_La_Mancha,16.71,43.02,14.56,12.96,21.63,0.8581,2018,3
269,2018T3,Cataluña,10.63,26.28,9.23,10.48,10.79,0.8581,2018,3
270,2018T3,Valencia,15.29,34.02,13.77,13.49,17.43,0.8581,2018,3
271,2018T3,Extremadura,21.68,40.75,20.31,17.84,26.55,0.8581,2018,3
272,2018T3,Galicia,12.24,30.49,11.29,11.14,13.43,0.8581,2018,3
273,2018T3,Madrid,11.86,27.7,10.79,11.2,12.56,0.8581,2018,3
274,2018T3,Murcia,16.33,40.4,14.14,13.63,19.73,0.8581,2018,3
275,2018T3,Navarra,9.65,22.76,8.62,8.05,11.48,0.8581,2018,3
276,2018T3,País_Vasco,9.42,26.11,8.39,9.69,9.12,0.8581,2018,3
277,2018T3,La_Rioja,9.6,20.4,8.9,8.28,11.11,0.8581,2018,3
278,2018T3,Ceuta,30.79,74.93,26.62,22.99,39.79,0.8581,2018,3
279,2018T3,Melilla,24.01,55.37,21.23,18.12,32.12,0.8581,2018,3
280,2018T2,Total_Nacional,15.28,34.68,13.91,13.72,17.08,1.0691,2018,2
281,2018T2,Andalucía,23.09,47.29,21.28,20.15,26.65,1.0691,2018,2
282,2018T2,Aragón,9.97,24.34,9.01,8.94,11.17,1.0691,2018,2
283,2018T2,Asturias,13.1,44.58,11.85,10.82,15.51,1.0691,2018,2
284,2018T2,Islas_Baleares,11.22,36.26,9.0,11.2,11.24,1.0691,2018,2
285,2018T2,Canarias,20.06,39.67,18.65,18.03,22.38,1.0691,2018,2
286,2018T2,Cantabria,11.57,34.38,10.53,9.81,13.57,1.0691,2018,2
287,2018T2,Castilla_y_León,12.0,28.28,11.09,9.97,14.43,1.0691,2018,2
288,2018T2,Castilla_La_Mancha,19.11,44.88,17.07,14.01,25.68,1.0691,2018,2
289,2018T2,Cataluña,11.39,27.44,10.09,10.91,11.92,1.0691,2018,2
290,2018T2,Valencia,15.64,31.91,14.42,14.13,17.42,1.0691,2018,2
291,2018T2,Extremadura,23.85,45.64,22.33,19.67,29.19,1.0691,2018,2
292,2018T2,Galicia,13.99,33.28,13.06,12.82,15.23,1.0691,2018,2
293,2018T2,Madrid,12.08,26.6,11.11,11.36,12.83,1.0691,2018,2
294,2018T2,Murcia,16.29,40.22,14.17,13.03,20.44,1.0691,2018,2
295,2018T2,Navarra,9.93,31.31,8.49,9.14,10.82,1.0691,2018,2
296,2018T2,País_Vasco,10.12,26.21,9.19,10.88,9.28,1.0691,2018,2
297,2018T2,La_Rioja,10.68,25.94,9.68,8.78,12.8,1.0691,2018,2
298,2018T2,Ceuta,29.46,60.44,26.23,24.33,35.61,1.0691,2018,2
299,2018T2,Melilla,27.96,73.93,23.15,24.07,33.22,1.0691,2018,2
300,2018T1,Total_Nacional,16.74,36.34,15.44,15.18,18.54,0.2599,2018,1
301,2018T1,Andalucía,24.74,48.7,23.08,21.55,28.62,0.2599,2018,1
302,2018T1,Aragón,11.58,32.39,10.28,10.66,12.67,0.2599,2018,1
303,2018T1,Asturias,15.02,41.91,13.89,14.05,16.04,0.2599,2018,1
304,2018T1,Islas_Baleares,17.42,37.68,16.03,18.45,16.15,0.2599,2018,1
305,2018T1,Canarias,20.62,40.15,19.28,19.18,22.28,0.2599,2018,1
306,2018T1,Cantabria,12.46,40.77,11.26,10.82,14.27,0.2599,2018,1
307,2018T1,Castilla_y_León,13.91,32.09,12.93,11.65,16.62,0.2599,2018,1
308,2018T1,Castilla_La_Mancha,20.68,43.59,18.94,15.51,27.35,0.2599,2018,1
309,2018T1,Cataluña,12.19,29.51,10.86,11.49,12.97,0.2599,2018,1
310,2018T1,Valencia,17.13,38.27,15.65,15.84,18.65,0.2599,2018,1
311,2018T1,Extremadura,25.94,49.69,24.21,21.45,31.71,0.2599,2018,1
312,2018T1,Galicia,15.08,36.56,14.06,14.25,15.97,0.2599,2018,1
313,2018T1,Madrid,13.4,25.11,12.64,12.85,13.97,0.2599,2018,1
314,2018T1,Murcia,18.6,38.74,16.96,14.9,23.26,0.2599,2018,1
315,2018T1,Navarra,10.54,27.97,9.36,10.04,11.1,0.2599,2018,1
316,2018T1,País_Vasco,10.76,27.68,9.89,10.56,10.99,0.2599,2018,1
317,2018T1,La_Rioja,11.03,27.81,10.08,10.01,12.18,0.2599,2018,1
318,2018T1,Ceuta,31.44,61.46,29.73,25.09,38.77,0.2599,2018,1
319,2018T1,Melilla,27.24,74.14,22.96,23.31,32.94,0.2599,2018,1
320,2017T4,Total_Nacional,16.55,37.46,15.08,14.97,18.35,1.4473,2017,4
321,2017T4,Andalucía,24.43,47.88,22.68,21.63,27.85,1.4473,2017,4
322,2017T4,Aragón,11.37,25.94,10.45,8.79,14.41,1.4473,2017,4
323,2017T4,Asturias,14.64,46.41,13.37,13.99,15.32,1.4473,2017,4
324,2017T4,Islas_Baleares,12.61,29.71,11.35,13.77,11.23,1.4473,2017,4
325,2017T4,Canarias,22.04,43.65,20.47,20.02,24.32,1.4473,2017,4
326,2017T4,Cantabria,13.49,38.58,12.32,13.05,13.98,1.4473,2017,4
327,2017T4,Castilla_y_León,13.71,32.26,12.72,11.29,16.61,1.4473,2017,4
328,2017T4,Castilla_La_Mancha,19.74,46.08,17.6,15.53,25.12,1.4473,2017,4
329,2017T4,Cataluña,12.63,28.95,11.3,11.85,13.49,1.4473,2017,4
330,2017T4,Valencia,16.76,39.71,15.01,14.77,19.07,1.4473,2017,4
331,2017T4,Extremadura,25.12,51.03,23.23,21.22,30.1,1.4473,2017,4
332,2017T4,Galicia,14.71,35.06,13.71,14.25,15.21,1.4473,2017,4
333,2017T4,Madrid,13.75,35.89,12.31,13.0,14.53,1.4473,2017,4
334,2017T4,Murcia,17.21,34.57,15.82,15.05,19.94,1.4473,2017,4
335,2017T4,Navarra,9.63,28.63,8.23,7.84,11.69,1.4473,2017,4
336,2017T4,País_Vasco,10.57,23.91,9.82,10.52,10.63,1.4473,2017,4
337,2017T4,La_Rioja,11.51,28.69,10.47,9.45,13.94,1.4473,2017,4
338,2017T4,Ceuta,26.03,48.94,24.38,20.13,33.54,1.4473,2017,4
339,2017T4,Melilla,24.62,68.59,20.04,20.46,30.67,1.4473,2017,4
340,2017T3,Total_Nacional,16.38,35.97,14.89,14.8,18.21,0.6125,2017,3
341,2017T3,Andalucía,25.41,45.97,23.68,22.61,28.84,0.6125,2017,3
342,2017T3,Aragón,10.5,27.17,9.29,8.18,13.27,0.6125,2017,3
343,2017T3,Asturias,12.95,33.78,11.98,13.94,11.87,0.6125,2017,3
344,2017T3,Islas_Baleares,9.25,21.94,8.09,9.33,9.16,0.6125,2017,3
345,2017T3,Canarias,21.87,40.95,20.36,18.38,25.8,0.6125,2017,3
346,2017T3,Cantabria,12.67,34.3,11.52,12.63,12.71,0.6125,2017,3
347,2017T3,Castilla_y_León,13.02,34.8,11.66,10.39,16.16,0.6125,2017,3
348,2017T3,Castilla_La_Mancha,18.6,37.59,17.04,14.59,23.88,0.6125,2017,3
349,2017T3,Cataluña,12.54,30.26,11.04,11.7,13.49,0.6125,2017,3
350,2017T3,Valencia,17.5,38.9,15.66,16.3,18.94,0.6125,2017,3
351,2017T3,Extremadura,24.76,41.54,23.44,22.28,27.91,0.6125,2017,3
352,2017T3,Galicia,14.49,32.6,13.47,13.24,15.83,0.6125,2017,3
353,2017T3,Madrid,12.35,31.69,11.1,11.81,12.93,0.6125,2017,3
354,2017T3,Murcia,18.11,38.31,16.21,16.16,20.57,0.6125,2017,3
355,2017T3,Navarra,10.52,25.98,9.27,7.58,14.05,0.6125,2017,3
356,2017T3,País_Vasco,11.56,31.1,10.41,10.68,12.55,0.6125,2017,3
357,2017T3,La_Rioja,12.62,36.1,11.14,11.22,14.24,0.6125,2017,3
358,2017T3,Ceuta,22.36,60.97,20.21,14.37,32.64,0.6125,2017,3
359,2017T3,Melilla,26.16,51.34,23.94,19.08,36.27,0.6125,2017,3
360,2017T2,Total_Nacional,17.22,39.53,15.67,15.64,19.04,1.3083,2017,2
361,2017T2,Andalucía,25.24,48.69,23.44,23.29,27.63,1.3083,2017,2
362,2017T2,Aragón,11.39,33.5,9.92,8.25,15.09,1.3083,2017,2
363,2017T2,Asturias,13.03,36.81,11.98,12.3,13.83,1.3083,2017,2
364,2017T2,Islas_Baleares,11.49,34.31,9.88,10.97,12.1,1.3083,2017,2
365,2017T2,Canarias,24.3,48.27,22.55,22.12,26.76,1.3083,2017,2
366,2017T2,Cantabria,14.03,33.61,13.04,13.66,14.45,1.3083,2017,2
367,2017T2,Castilla_y_León,14.45,41.69,12.92,12.62,16.65,1.3083,2017,2
368,2017T2,Castilla_La_Mancha,22.24,48.41,20.22,18.47,27.16,1.3083,2017,2
369,2017T2,Cataluña,13.2,30.46,11.89,12.33,14.16,1.3083,2017,2
370,2017T2,Valencia,18.68,42.5,16.78,16.13,21.7,1.3083,2017,2
371,2017T2,Extremadura,25.76,52.9,23.72,21.9,30.57,1.3083,2017,2
372,2017T2,Galicia,16.11,35.04,15.14,15.33,16.96,1.3083,2017,2
373,2017T2,Madrid,13.04,35.37,11.64,12.78,13.32,1.3083,2017,2
374,2017T2,Murcia,17.47,37.21,15.9,13.94,21.84,1.3083,2017,2
375,2017T2,Navarra,10.55,34.3,8.76,7.2,14.43,1.3083,2017,2
376,2017T2,País_Vasco,11.23,25.87,10.51,10.05,12.54,1.3083,2017,2
377,2017T2,La_Rioja,10.92,24.25,10.09,7.6,14.73,1.3083,2017,2
378,2017T2,Ceuta,17.79,45.09,15.74,13.03,24.36,1.3083,2017,2
379,2017T2,Melilla,30.22,66.78,26.6,22.79,41.19,1.3083,2017,2
380,2017T1,Total_Nacional,18.75,41.66,17.22,17.22,20.51,1.3576,2017,1
381,2017T1,Andalucía,26.94,54.06,24.94,24.22,30.25,1.3576,2017,1
382,2017T1,Aragón,13.32,35.46,11.87,10.87,16.2,1.3576,2017,1
383,2017T1,Asturias,14.23,31.37,13.47,13.81,14.7,1.3576,2017,1
384,2017T1,Islas_Baleares,16.76,41.77,15.2,15.79,17.93,1.3576,2017,1
385,2017T1,Canarias,25.68,48.75,24.02,24.47,27.03,1.3576,2017,1
386,2017T1,Cantabria,14.07,36.13,12.96,13.61,14.58,1.3576,2017,1
387,2017T1,Castilla_y_León,15.13,36.05,14.1,13.68,16.89,1.3576,2017,1
388,2017T1,Castilla_La_Mancha,22.48,45.73,20.74,18.43,27.72,1.3576,2017,1
389,2017T1,Cataluña,15.28,32.0,14.01,14.22,16.44,1.3576,2017,1
390,2017T1,Valencia,19.77,45.89,17.81,18.71,21.01,1.3576,2017,1
391,2017T1,Extremadura,29.23,49.09,27.65,25.38,34.2,1.3576,2017,1
392,2017T1,Galicia,17.36,35.47,16.46,17.19,17.54,1.3576,2017,1
393,2017T1,Madrid,14.23,35.81,12.96,13.58,14.93,1.3576,2017,1
394,2017T1,Murcia,19.34,48.38,17.12,15.72,23.94,1.3576,2017,1
395,2017T1,Navarra,10.25,37.24,8.51,8.33,12.45,1.3576,2017,1
396,2017T1,País_Vasco,11.86,27.97,11.11,10.81,13.04,1.3576,2017,1
397,2017T1,La_Rioja,12.92,29.12,11.97,9.88,16.47,1.3576,2017,1
398,2017T1,Ceuta,23.3,62.97,20.1,20.59,27.15,1.3576,2017,1
399,2017T1,Melilla,29.46,62.67,25.77,20.38,42.1,1.3576,2017,1
400,2016T4,Total_Nacional,18.63,42.92,17.0,17.22,20.25,0.625,2016,4
401,2016T4,Andalucía,28.25,57.79,26.15,25.7,31.38,0.625,2016,4
402,2016T4,Aragón,13.53,38.97,11.8,11.45,16.01,0.625,2016,4
403,2016T4,Asturias,14.59,35.0,13.62,14.96,14.19,0.625,2016,4
404,2016T4,Islas_Baleares,13.8,39.98,12.01,12.95,14.76,0.625,2016,4
405,2016T4,Canarias,24.9,50.57,23.08,23.45,26.55,0.625,2016,4
406,2016T4,Cantabria,12.89,30.45,12.06,12.62,13.2,0.625,2016,4
407,2016T4,Castilla_y_León,14.81,34.83,13.72,13.27,16.67,0.625,2016,4
408,2016T4,Castilla_La_Mancha,22.14,50.84,19.85,18.62,26.75,0.625,2016,4
409,2016T4,Cataluña,14.85,32.28,13.54,13.91,15.89,0.625,2016,4
410,2016T4,Valencia,19.15,46.16,17.11,17.49,21.02,0.625,2016,4
411,2016T4,Extremadura,28.31,51.99,26.37,24.27,33.47,0.625,2016,4
412,2016T4,Galicia,16.29,36.63,15.29,15.63,17.0,0.625,2016,4
413,2016T4,Madrid,14.6,37.9,13.22,14.15,15.08,0.625,2016,4
414,2016T4,Murcia,18.58,44.34,16.41,15.64,22.31,0.625,2016,4
415,2016T4,Navarra,10.01,26.47,8.97,9.23,10.9,0.625,2016,4
416,2016T4,País_Vasco,12.27,31.25,11.37,11.95,12.64,0.625,2016,4
417,2016T4,La_Rioja,10.9,22.37,10.33,9.19,12.89,0.625,2016,4
418,2016T4,Ceuta,22.39,59.84,19.13,18.93,27.28,0.625,2016,4
419,2016T4,Melilla,27.38,68.12,23.4,21.81,35.32,0.625,2016,4
420,2016T3,Total_Nacional,18.91,41.94,17.24,17.39,20.66,1.2231,2016,3
421,2016T3,Andalucía,28.52,55.18,26.43,25.59,32.07,1.2231,2016,3
422,2016T3,Aragón,14.88,39.23,13.19,12.33,17.9,1.2231,2016,3
423,2016T3,Asturias,17.05,47.02,15.64,18.89,15.05,1.2231,2016,3
424,2016T3,Islas_Baleares,10.6,27.1,9.24,10.37,10.86,1.2231,2016,3
425,2016T3,Canarias,26.01,51.42,24.17,24.35,27.92,1.2231,2016,3
426,2016T3,Cantabria,12.53,29.32,11.68,12.06,13.06,1.2231,2016,3
427,2016T3,Castilla_y_León,13.91,34.14,12.68,11.78,16.52,1.2231,2016,3
428,2016T3,Castilla_La_Mancha,22.67,47.46,20.65,19.63,26.67,1.2231,2016,3
429,2016T3,Cataluña,14.63,32.15,13.22,13.91,15.43,1.2231,2016,3
430,2016T3,Valencia,20.17,42.53,18.36,18.39,22.24,1.2231,2016,3
431,2016T3,Extremadura,25.61,49.06,23.47,22.04,30.22,1.2231,2016,3
432,2016T3,Galicia,16.35,37.61,15.18,15.71,17.06,1.2231,2016,3
433,2016T3,Madrid,15.19,37.75,13.79,14.3,16.14,1.2231,2016,3
434,2016T3,Murcia,19.75,44.22,17.54,18.06,21.96,1.2231,2016,3
435,2016T3,Navarra,12.41,32.53,10.99,11.25,13.76,1.2231,2016,3
436,2016T3,País_Vasco,12.8,39.73,11.38,11.37,14.39,1.2231,2016,3
437,2016T3,La_Rioja,13.57,35.48,12.29,12.76,14.52,1.2231,2016,3
438,2016T3,Ceuta,24.64,65.77,20.82,17.91,34.62,1.2231,2016,3
439,2016T3,Melilla,31.22,61.32,27.72,24.31,41.04,1.2231,2016,3
440,2016T2,Total_Nacional,20.0,46.48,18.15,18.41,21.82,0.6257,2016,2
441,2016T2,Andalucía,29.07,58.62,26.78,26.66,31.97,0.6257,2016,2
442,2016T2,Aragón,15.27,37.46,13.83,12.56,18.41,0.6257,2016,2
443,2016T2,Asturias,19.29,57.18,17.45,21.32,17.11,0.6257,2016,2
444,2016T2,Islas_Baleares,13.02,38.14,11.24,11.98,14.22,0.6257,2016,2
445,2016T2,Canarias,27.33,57.62,25.29,25.46,29.48,0.6257,2016,2
446,2016T2,Cantabria,15.31,39.79,14.15,14.17,16.6,0.6257,2016,2
447,2016T2,Castilla_y_León,16.25,42.52,14.68,14.68,18.18,0.6257,2016,2
448,2016T2,Castilla_La_Mancha,23.93,51.21,21.86,19.84,29.22,0.6257,2016,2
449,2016T2,Cataluña,15.95,35.26,14.5,14.37,17.68,0.6257,2016,2
450,2016T2,Valencia,21.3,47.32,19.34,19.06,23.89,0.6257,2016,2
451,2016T2,Extremadura,27.01,51.82,25.04,23.49,31.43,0.6257,2016,2
452,2016T2,Galicia,17.74,43.66,16.39,17.23,18.29,0.6257,2016,2
453,2016T2,Madrid,16.25,44.02,14.38,15.69,16.83,0.6257,2016,2
454,2016T2,Murcia,18.7,45.2,16.45,16.57,21.54,0.6257,2016,2
455,2016T2,Navarra,13.27,43.36,11.43,11.27,15.57,0.6257,2016,2
456,2016T2,País_Vasco,12.5,36.68,11.3,12.42,12.59,0.6257,2016,2
457,2016T2,La_Rioja,15.29,46.24,13.45,12.46,18.6,0.6257,2016,2
458,2016T2,Ceuta,26.28,60.02,24.17,22.73,31.93,0.6257,2016,2
459,2016T2,Melilla,33.84,75.19,28.17,29.99,40.03,0.6257,2016,2
460,2016T1,Total_Nacional,21.0,46.5,19.28,19.45,22.78,0.7735,2016,1
461,2016T1,Andalucía,29.7,60.14,27.32,26.85,33.13,0.7735,2016,1
462,2016T1,Aragón,15.28,30.95,14.25,12.1,19.02,0.7735,2016,1
463,2016T1,Asturias,19.5,52.13,17.99,20.07,18.89,0.7735,2016,1
464,2016T1,Islas_Baleares,18.41,53.01,15.95,18.58,18.2,0.7735,2016,1
465,2016T1,Canarias,26.0,45.81,24.58,24.25,28.06,0.7735,2016,1
466,2016T1,Cantabria,18.9,29.16,18.43,18.55,19.3,0.7735,2016,1
467,2016T1,Castilla_y_León,18.33,44.79,16.86,16.77,20.22,0.7735,2016,1
468,2016T1,Castilla_La_Mancha,25.45,54.36,23.37,21.76,30.23,0.7735,2016,1
469,2016T1,Cataluña,17.42,37.64,16.0,16.26,18.71,0.7735,2016,1
470,2016T1,Valencia,21.84,46.41,20.2,20.69,23.19,0.7735,2016,1
471,2016T1,Extremadura,29.13,48.54,27.57,25.11,34.45,0.7735,2016,1
472,2016T1,Galicia,18.24,43.35,16.94,17.6,18.94,0.7735,2016,1
473,2016T1,Madrid,16.81,42.4,15.13,15.88,17.79,0.7735,2016,1
474,2016T1,Murcia,22.1,49.17,19.83,18.95,26.22,0.7735,2016,1
475,2016T1,Navarra,14.25,33.99,13.07,11.96,16.88,0.7735,2016,1
476,2016T1,País_Vasco,12.8,31.03,11.97,12.66,12.95,0.7735,2016,1
477,2016T1,La_Rioja,14.38,38.87,13.02,14.28,14.51,0.7735,2016,1
478,2016T1,Ceuta,26.21,66.74,22.8,20.8,33.88,0.7735,2016,1
479,2016T1,Melilla,30.67,70.9,26.31,28.37,34.2,0.7735,2016,1
480,2015T4,Total_Nacional,20.9,46.24,19.13,19.49,22.52,0.848,2015,4
481,2015T4,Andalucía,29.83,55.44,27.82,27.29,32.87,0.848,2015,4
482,2015T4,Aragón,14.6,33.67,13.37,11.77,18.0,0.848,2015,4
483,2015T4,Asturias,20.33,45.22,19.18,21.03,19.59,0.848,2015,4
484,2015T4,Islas_Baleares,17.02,44.66,14.97,17.28,16.72,0.848,2015,4
485,2015T4,Canarias,26.75,48.87,25.03,25.92,27.75,0.848,2015,4
486,2015T4,Cantabria,17.71,39.76,16.68,17.16,18.36,0.848,2015,4
487,2015T4,Castilla_y_León,17.58,44.31,16.09,14.96,20.75,0.848,2015,4
488,2015T4,Castilla_La_Mancha,24.97,54.14,22.65,21.2,29.79,0.848,2015,4
489,2015T4,Cataluña,17.73,39.03,16.15,16.53,19.09,0.848,2015,4
490,2015T4,Valencia,21.45,46.38,19.67,20.33,22.76,0.848,2015,4
491,2015T4,Extremadura,28.07,54.49,25.84,23.68,33.71,0.848,2015,4
492,2015T4,Galicia,17.74,42.49,16.49,16.98,18.58,0.848,2015,4
493,2015T4,Madrid,16.51,41.68,14.84,16.35,16.68,0.848,2015,4
494,2015T4,Murcia,23.51,50.24,21.19,20.57,27.3,0.848,2015,4
495,2015T4,Navarra,13.53,46.45,11.8,12.06,15.2,0.848,2015,4
496,2015T4,País_Vasco,12.89,41.07,11.53,12.31,13.54,0.848,2015,4
497,2015T4,La_Rioja,13.97,32.35,12.93,14.22,13.68,0.848,2015,4
498,2015T4,Ceuta,23.25,74.93,18.63,17.98,31.34,0.848,2015,4
499,2015T4,Melilla,32.64,67.89,28.41,29.04,38.18,0.848,2015,4
500,2015T3,Total_Nacional,21.18,46.58,19.22,19.9,22.69,0.9143,2015,3
501,2015T3,Andalucía,31.73,57.15,29.52,29.5,34.43,0.9143,2015,3
502,2015T3,Aragón,14.97,39.51,13.3,12.39,18.07,0.9143,2015,3
503,2015T3,Asturias,16.97,34.17,16.15,17.5,16.4,0.9143,2015,3
504,2015T3,Islas_Baleares,13.88,31.86,12.28,15.43,12.09,0.9143,2015,3
505,2015T3,Canarias,28.56,52.33,26.63,26.08,31.49,0.9143,2015,3
506,2015T3,Cantabria,16.19,33.68,15.29,16.13,16.26,0.9143,2015,3
507,2015T3,Castilla_y_León,16.59,44.65,14.78,14.5,19.18,0.9143,2015,3
508,2015T3,Castilla_La_Mancha,24.72,52.77,22.32,20.64,30.07,0.9143,2015,3
509,2015T3,Cataluña,17.49,40.66,15.6,16.72,18.36,0.9143,2015,3
510,2015T3,Valencia,22.37,44.19,20.51,21.3,23.64,0.9143,2015,3
511,2015T3,Extremadura,28.51,59.45,25.75,26.44,31.25,0.9143,2015,3
512,2015T3,Galicia,17.66,40.43,16.32,16.67,18.75,0.9143,2015,3
513,2015T3,Madrid,16.27,44.32,14.24,15.68,16.91,0.9143,2015,3
514,2015T3,Murcia,23.49,49.39,20.89,21.19,26.52,0.9143,2015,3
515,2015T3,Navarra,13.57,35.43,12.21,12.32,15.02,0.9143,2015,3
516,2015T3,País_Vasco,13.76,40.59,12.38,13.65,13.89,0.9143,2015,3
517,2015T3,La_Rioja,13.59,36.75,12.14,13.52,13.67,0.9143,2015,3
518,2015T3,Ceuta,30.59,90.35,24.61,23.29,40.87,0.9143,2015,3
519,2015T3,Melilla,31.4,67.14,27.68,27.96,36.24,0.9143,2015,3
520,2015T2,Total_Nacional,22.37,49.22,20.42,20.96,24.01,0.8776,2015,2
521,2015T2,Andalucía,30.98,57.61,28.73,28.65,33.77,0.8776,2015,2
522,2015T2,Aragón,17.0,44.84,15.13,13.5,21.21,0.8776,2015,2
523,2015T2,Asturias,20.15,44.88,19.05,21.43,18.77,0.8776,2015,2
524,2015T2,Islas_Baleares,16.45,43.22,14.43,15.3,17.75,0.8776,2015,2
525,2015T2,Canarias,30.3,56.82,28.36,29.48,31.26,0.8776,2015,2
526,2015T2,Cantabria,18.15,46.24,16.84,16.13,20.5,0.8776,2015,2
527,2015T2,Castilla_y_León,18.49,50.1,16.76,16.13,21.36,0.8776,2015,2
528,2015T2,Castilla_La_Mancha,27.0,58.72,24.57,22.57,32.75,0.8776,2015,2
529,2015T2,Cataluña,19.1,43.74,17.2,18.2,20.11,0.8776,2015,2
530,2015T2,Valencia,23.02,50.65,20.86,22.32,23.85,0.8776,2015,2
531,2015T2,Extremadura,29.56,53.24,27.54,26.28,33.82,0.8776,2015,2
532,2015T2,Galicia,20.0,45.74,18.63,19.45,20.61,0.8776,2015,2
533,2015T2,Madrid,17.66,42.67,15.9,16.95,18.43,0.8776,2015,2
534,2015T2,Murcia,24.77,48.2,22.61,20.32,30.53,0.8776,2015,2
535,2015T2,Navarra,12.55,32.09,11.44,11.9,13.31,0.8776,2015,2
536,2015T2,País_Vasco,15.98,40.66,14.71,16.48,15.42,0.8776,2015,2
537,2015T2,La_Rioja,16.39,45.31,14.62,14.07,19.11,0.8776,2015,2
538,2015T2,Ceuta,24.59,80.78,19.84,19.53,32.0,0.8776,2015,2
539,2015T2,Melilla,36.35,78.14,32.02,32.5,41.96,0.8776,2015,2
540,2015T1,Total_Nacional,23.78,51.36,21.81,22.74,24.98,2.0068,2015,1
541,2015T1,Andalucía,33.62,57.06,31.63,30.89,36.91,2.0068,2015,1
542,2015T1,Aragón,18.59,46.93,16.83,15.5,22.31,2.0068,2015,1
543,2015T1,Asturias,18.99,44.04,17.94,18.41,19.63,2.0068,2015,1
544,2015T1,Islas_Baleares,22.29,51.94,20.09,21.65,23.03,2.0068,2015,1
545,2015T1,Canarias,30.81,56.49,28.96,30.07,31.69,2.0068,2015,1
546,2015T1,Cantabria,18.54,39.29,17.67,16.46,20.96,2.0068,2015,1
547,2015T1,Castilla_y_León,20.38,53.54,18.58,18.27,22.98,2.0068,2015,1
548,2015T1,Castilla_La_Mancha,28.69,63.45,25.84,25.73,32.56,2.0068,2015,1
549,2015T1,Cataluña,20.05,45.65,18.07,19.9,20.21,2.0068,2015,1
550,2015T1,Valencia,24.28,52.38,22.19,23.69,24.97,2.0068,2015,1
551,2015T1,Extremadura,30.24,53.95,28.35,26.26,35.36,2.0068,2015,1
552,2015T1,Galicia,21.83,45.62,20.6,21.48,22.21,2.0068,2015,1
553,2015T1,Madrid,17.79,47.98,15.72,18.25,17.29,2.0068,2015,1
554,2015T1,Murcia,26.69,55.05,24.32,24.67,29.34,2.0068,2015,1
555,2015T1,Navarra,15.66,39.28,14.19,14.43,17.15,2.0068,2015,1
556,2015T1,País_Vasco,16.43,39.22,15.39,17.0,15.81,2.0068,2015,1
557,2015T1,La_Rioja,17.58,47.0,15.72,14.67,21.06,2.0068,2015,1
558,2015T1,Ceuta,31.76,71.73,26.64,25.41,41.36,2.0068,2015,1
559,2015T1,Melilla,35.4,75.2,31.15,29.03,43.71,2.0068,2015,1
560,2014T4,Total_Nacional,23.7,51.8,21.64,22.8,24.74,0.9162,2014,4
561,2014T4,Andalucía,34.23,58.97,32.04,31.67,37.31,0.9162,2014,4
562,2014T4,Aragón,18.65,48.26,16.68,15.46,22.53,0.9162,2014,4
563,2014T4,Asturias,20.78,45.52,19.56,20.34,21.27,0.9162,2014,4
564,2014T4,Islas_Baleares,18.88,44.07,17.07,19.92,17.64,0.9162,2014,4
565,2014T4,Canarias,31.08,59.0,28.98,30.08,32.25,0.9162,2014,4
566,2014T4,Cantabria,18.42,47.62,17.0,19.29,17.39,0.9162,2014,4
567,2014T4,Castilla_y_León,20.28,53.52,18.36,18.24,22.78,0.9162,2014,4
568,2014T4,Castilla_La_Mancha,28.5,62.32,25.62,24.87,33.25,0.9162,2014,4
569,2014T4,Cataluña,19.88,45.93,17.85,20.16,19.58,0.9162,2014,4
570,2014T4,Valencia,23.48,50.19,21.51,22.62,24.53,0.9162,2014,4
571,2014T4,Extremadura,29.96,56.63,27.63,27.28,33.44,0.9162,2014,4
572,2014T4,Galicia,20.87,50.0,19.35,20.79,20.96,0.9162,2014,4
573,2014T4,Madrid,18.0,46.37,16.03,18.35,17.64,0.9162,2014,4
574,2014T4,Murcia,27.26,58.42,24.59,25.26,29.78,0.9162,2014,4
575,2014T4,Navarra,14.92,39.1,13.32,14.96,14.87,0.9162,2014,4
576,2014T4,País_Vasco,16.6,43.2,15.37,16.92,16.25,0.9162,2014,4
577,2014T4,La_Rioja,17.17,42.38,15.48,13.64,21.4,0.9162,2014,4
578,2014T4,Ceuta,32.46,71.6,27.58,28.26,38.95,0.9162,2014,4
579,2014T4,Melilla,29.52,74.55,25.85,21.59,39.87,0.9162,2014,4
580,2014T3,Total_Nacional,23.67,52.39,21.43,22.53,25.01,0.495,2014,3
581,2014T3,Andalucía,35.21,62.04,32.73,32.84,38.12,0.495,2014,3
582,2014T3,Aragón,18.36,50.25,16.06,16.11,21.05,0.495,2014,3
583,2014T3,Asturias,19.96,39.63,19.05,18.52,21.52,0.495,2014,3
584,2014T3,Islas_Baleares,15.94,38.85,13.87,17.55,14.06,0.495,2014,3
585,2014T3,Canarias,33.36,60.28,31.24,32.49,34.36,0.495,2014,3
586,2014T3,Cantabria,19.04,48.24,17.63,19.68,18.29,0.495,2014,3
587,2014T3,Castilla_y_León,19.4,47.43,17.61,17.4,21.88,0.495,2014,3
588,2014T3,Castilla_La_Mancha,28.49,58.6,25.57,25.62,32.32,0.495,2014,3
589,2014T3,Cataluña,19.1,46.97,16.82,18.99,19.23,0.495,2014,3
590,2014T3,Valencia,25.54,55.58,23.09,24.9,26.32,0.495,2014,3
591,2014T3,Extremadura,27.64,53.64,25.16,23.99,32.41,0.495,2014,3
592,2014T3,Galicia,20.25,46.21,18.64,20.01,20.52,0.495,2014,3
593,2014T3,Madrid,17.53,47.57,15.49,16.21,18.97,0.495,2014,3
594,2014T3,Murcia,26.25,53.32,23.72,23.08,30.32,0.495,2014,3
595,2014T3,Navarra,14.92,43.56,12.85,15.57,14.16,0.495,2014,3
596,2014T3,País_Vasco,15.21,42.73,13.91,14.86,15.62,0.495,2014,3
597,2014T3,La_Rioja,18.23,45.07,16.02,16.47,20.29,0.495,2014,3
598,2014T3,Ceuta,31.95,72.34,28.01,29.65,35.68,0.495,2014,3
599,2014T3,Melilla,30.49,56.99,28.35,22.1,40.88,0.495,2014,3
600,2014T2,Total_Nacional,24.47,53.12,22.35,23.7,25.38,0.2622,2014,2
601,2014T2,Andalucía,34.74,62.29,32.34,32.92,36.95,0.2622,2014,2
602,2014T2,Aragón,20.83,53.45,18.66,19.77,22.11,0.2622,2014,2
603,2014T2,Asturias,21.02,47.14,19.86,20.15,21.97,0.2622,2014,2
604,2014T2,Islas_Baleares,19.04,44.08,17.22,20.55,17.29,0.2622,2014,2
605,2014T2,Canarias,32.68,56.11,30.88,31.68,33.86,0.2622,2014,2
606,2014T2,Cantabria,19.26,50.53,17.81,19.88,18.51,0.2622,2014,2
607,2014T2,Castilla_y_León,21.17,51.18,19.46,20.14,22.44,0.2622,2014,2
608,2014T2,Castilla_La_Mancha,28.69,61.8,25.81,25.77,32.5,0.2622,2014,2
609,2014T2,Cataluña,20.22,45.95,18.14,20.35,20.07,0.2622,2014,2
610,2014T2,Valencia,26.19,57.84,23.72,25.45,27.1,0.2622,2014,2
611,2014T2,Extremadura,29.43,57.14,26.94,27.14,32.42,0.2622,2014,2
612,2014T2,Galicia,22.29,48.39,20.67,22.03,22.56,0.2622,2014,2
613,2014T2,Madrid,19.03,47.93,17.07,18.24,19.88,0.2622,2014,2
614,2014T2,Murcia,25.12,50.4,23.02,22.76,28.11,0.2622,2014,2
615,2014T2,Navarra,15.88,48.08,13.87,15.49,16.34,0.2622,2014,2
616,2014T2,País_Vasco,16.13,44.12,14.88,16.8,15.38,0.2622,2014,2
617,2014T2,La_Rioja,17.66,40.71,16.12,15.33,20.41,0.2622,2014,2
618,2014T2,Ceuta,31.4,60.66,28.6,27.66,36.96,0.2622,2014,2
619,2014T2,Melilla,29.16,49.56,27.56,25.61,33.76,0.2622,2014,2
620,2014T1,Total_Nacional,25.93,55.49,23.72,25.37,26.57,0.7357,2014,1
621,2014T1,Andalucía,34.94,62.6,32.53,33.39,36.83,0.7357,2014,1
622,2014T1,Aragón,22.85,54.24,20.77,21.67,24.26,0.7357,2014,1
623,2014T1,Asturias,22.75,47.67,21.43,21.56,24.06,0.7357,2014,1
624,2014T1,Islas_Baleares,26.7,53.17,24.87,27.97,25.19,0.7357,2014,1
625,2014T1,Canarias,32.55,54.49,30.68,33.01,32.03,0.7357,2014,1
626,2014T1,Cantabria,20.95,50.43,19.62,21.34,20.49,0.7357,2014,1
627,2014T1,Castilla_y_León,22.21,49.8,20.64,21.02,23.65,0.7357,2014,1
628,2014T1,Castilla_La_Mancha,30.3,63.0,27.52,27.91,33.42,0.7357,2014,1
629,2014T1,Cataluña,22.1,49.53,19.85,23.07,21.03,0.7357,2014,1
630,2014T1,Valencia,28.04,62.66,25.33,27.1,29.16,0.7357,2014,1
631,2014T1,Extremadura,32.14,54.21,30.32,30.41,34.34,0.7357,2014,1
632,2014T1,Galicia,23.2,49.51,21.66,23.66,22.7,0.7357,2014,1
633,2014T1,Madrid,20.43,54.09,18.08,19.02,21.93,0.7357,2014,1
634,2014T1,Murcia,27.71,46.96,26.2,27.29,28.25,0.7357,2014,1
635,2014T1,Navarra,17.12,50.41,15.02,15.9,18.55,0.7357,2014,1
636,2014T1,País_Vasco,17.36,49.95,15.82,17.51,17.18,0.7357,2014,1
637,2014T1,La_Rioja,19.58,51.03,17.47,16.91,22.73,0.7357,2014,1
638,2014T1,Ceuta,31.56,63.39,28.64,30.15,33.76,0.7357,2014,1
639,2014T1,Melilla,24.43,46.58,22.8,22.77,26.74,0.7357,2014,1
640,2013T4,Total_Nacional,25.73,54.89,23.48,25.04,26.53,-0.1487,2013,4
641,2013T4,Andalucía,36.26,64.07,33.74,34.08,38.89,-0.1487,2013,4
642,2013T4,Aragón,20.59,50.04,18.52,20.01,21.29,-0.1487,2013,4
643,2013T4,Asturias,22.29,47.93,20.92,21.36,23.34,-0.1487,2013,4
644,2013T4,Islas_Baleares,22.72,46.76,21.0,24.34,20.71,-0.1487,2013,4
645,2013T4,Canarias,33.09,62.11,30.57,34.22,31.77,-0.1487,2013,4
646,2013T4,Cantabria,19.81,54.03,18.12,18.52,21.36,-0.1487,2013,4
647,2013T4,Castilla_y_León,22.02,50.2,20.29,20.8,23.51,-0.1487,2013,4
648,2013T4,Castilla_La_Mancha,28.99,58.21,26.44,26.55,32.21,-0.1487,2013,4
649,2013T4,Cataluña,21.87,48.92,19.63,22.29,21.41,-0.1487,2013,4
650,2013T4,Valencia,27.15,58.69,24.58,26.23,28.23,-0.1487,2013,4
651,2013T4,Extremadura,32.4,55.5,30.25,29.5,36.0,-0.1487,2013,4
652,2013T4,Galicia,21.88,50.14,20.25,22.49,21.21,-0.1487,2013,4
653,2013T4,Madrid,20.45,51.18,18.25,19.43,21.53,-0.1487,2013,4
654,2013T4,Murcia,28.5,50.57,26.57,27.41,29.89,-0.1487,2013,4
655,2013T4,Navarra,16.44,44.69,14.55,15.5,17.57,-0.1487,2013,4
656,2013T4,País_Vasco,16.58,47.72,15.01,16.68,16.47,-0.1487,2013,4
657,2013T4,La_Rioja,20.24,48.33,18.45,17.97,22.86,-0.1487,2013,4
658,2013T4,Ceuta,36.78,71.2,33.14,32.28,43.07,-0.1487,2013,4
659,2013T4,Melilla,33.79,68.06,29.67,34.4,32.86,-0.1487,2013,4
660,2013T3,Total_Nacional,25.65,54.14,23.28,25.19,26.18,-0.1442,2013,3
661,2013T3,Andalucía,36.19,67.27,33.22,34.75,37.97,-0.1442,2013,3
662,2013T3,Aragón,20.38,49.33,18.0,19.45,21.5,-0.1442,2013,3
663,2013T3,Asturias,24.15,53.68,22.3,23.54,24.83,-0.1442,2013,3
664,2013T3,Islas_Baleares,16.93,32.79,15.47,17.48,16.28,-0.1442,2013,3
665,2013T3,Canarias,34.76,64.02,32.18,35.65,33.71,-0.1442,2013,3
666,2013T3,Cantabria,18.84,46.47,17.36,19.4,18.18,-0.1442,2013,3
667,2013T3,Castilla_y_León,20.91,48.03,19.04,18.81,23.52,-0.1442,2013,3
668,2013T3,Castilla_La_Mancha,29.41,60.52,26.44,27.23,32.29,-0.1442,2013,3
669,2013T3,Cataluña,22.55,46.87,20.32,23.24,21.77,-0.1442,2013,3
670,2013T3,Valencia,27.7,55.13,25.28,27.28,28.2,-0.1442,2013,3
671,2013T3,Extremadura,33.33,60.74,30.47,31.89,35.13,-0.1442,2013,3
672,2013T3,Galicia,21.62,47.57,19.91,21.97,21.23,-0.1442,2013,3
673,2013T3,Madrid,19.41,50.38,17.28,18.73,20.15,-0.1442,2013,3
674,2013T3,Murcia,28.72,50.33,26.64,28.24,29.34,-0.1442,2013,3
675,2013T3,Navarra,17.92,51.77,15.53,17.18,18.83,-0.1442,2013,3
676,2013T3,País_Vasco,16.45,42.69,15.04,15.77,17.25,-0.1442,2013,3
677,2013T3,La_Rioja,19.7,47.47,17.77,19.35,20.12,-0.1442,2013,3
678,2013T3,Ceuta,30.96,70.77,27.33,23.44,42.31,-0.1442,2013,3
679,2013T3,Melilla,39.19,55.01,36.8,39.89,38.19,-0.1442,2013,3
680,2013T2,Total_Nacional,26.06,55.98,23.68,25.5,26.71,-0.2856,2013,2
681,2013T2,Andalucía,35.67,66.25,32.82,34.55,37.02,-0.2856,2013,2
682,2013T2,Aragón,22.04,51.39,19.88,19.75,24.78,-0.2856,2013,2
683,2013T2,Asturias,24.56,54.93,23.06,25.42,23.59,-0.2856,2013,2
684,2013T2,Islas_Baleares,21.14,42.72,19.37,20.51,21.88,-0.2856,2013,2
685,2013T2,Canarias,33.33,65.71,30.55,33.33,33.33,-0.2856,2013,2
686,2013T2,Cantabria,22.28,56.16,20.5,21.66,23.02,-0.2856,2013,2
687,2013T2,Castilla_y_León,21.34,49.97,19.44,19.47,23.63,-0.2856,2013,2
688,2013T2,Castilla_La_Mancha,30.23,63.33,27.07,27.89,33.35,-0.2856,2013,2
689,2013T2,Cataluña,23.61,53.19,21.07,24.07,23.09,-0.2856,2013,2
690,2013T2,Valencia,28.62,55.66,26.42,27.27,30.25,-0.2856,2013,2
691,2013T2,Extremadura,34.07,63.12,31.17,32.47,36.08,-0.2856,2013,2
692,2013T2,Galicia,22.41,51.58,20.66,22.39,22.43,-0.2856,2013,2
693,2013T2,Madrid,19.2,45.52,17.36,18.75,19.69,-0.2856,2013,2
694,2013T2,Murcia,28.79,55.14,26.36,28.19,29.56,-0.2856,2013,2
695,2013T2,Navarra,18.4,51.94,16.34,18.35,18.45,-0.2856,2013,2
696,2013T2,País_Vasco,16.18,47.11,14.51,16.86,15.41,-0.2856,2013,2
697,2013T2,La_Rioja,20.94,57.68,18.47,20.97,20.9,-0.2856,2013,2
698,2013T2,Ceuta,33.91,79.63,30.29,28.81,42.05,-0.2856,2013,2
699,2013T2,Melilla,27.8,53.75,25.05,29.04,26.26,-0.2856,2013,2
700,2013T1,Total_Nacional,26.94,56.92,24.54,26.66,27.26,1.0751,2013,1
701,2013T1,Andalucía,36.77,66.26,33.9,35.73,38.03,1.0751,2013,1
702,2013T1,Aragón,22.52,50.28,20.4,22.06,23.08,1.0751,2013,1
703,2013T1,Asturias,25.51,63.57,23.52,25.36,25.68,1.0751,2013,1
704,2013T1,Islas_Baleares,28.55,60.84,25.92,28.02,29.2,1.0751,2013,1
705,2013T1,Canarias,33.74,69.23,30.68,34.16,33.24,1.0751,2013,1
706,2013T1,Cantabria,20.86,53.51,19.16,20.91,20.8,1.0751,2013,1
707,2013T1,Castilla_y_León,22.72,50.81,20.93,21.68,23.99,1.0751,2013,1
708,2013T1,Castilla_La_Mancha,31.24,63.67,28.14,28.27,35.19,1.0751,2013,1
709,2013T1,Cataluña,24.45,52.01,22.14,25.34,23.41,1.0751,2013,1
710,2013T1,Valencia,28.73,55.66,26.6,27.55,30.16,1.0751,2013,1
711,2013T1,Extremadura,35.67,65.72,32.35,35.1,36.41,1.0751,2013,1
712,2013T1,Galicia,22.26,50.42,20.57,22.45,22.04,1.0751,2013,1
713,2013T1,Madrid,19.99,48.16,17.94,19.97,20.01,1.0751,2013,1
714,2013T1,Murcia,29.91,57.92,27.38,30.37,29.31,1.0751,2013,1
715,2013T1,Navarra,18.96,43.99,17.6,17.62,20.57,1.0751,2013,1
716,2013T1,País_Vasco,17.08,48.53,15.34,17.35,16.77,1.0751,2013,1
717,2013T1,La_Rioja,19.26,37.5,18.16,18.55,20.12,1.0751,2013,1
718,2013T1,Ceuta,37.51,72.92,33.91,30.7,47.59,1.0751,2013,1
719,2013T1,Melilla,28.85,37.04,27.97,28.47,29.41,1.0751,2013,1
720,2012T4,Total_Nacional,25.77,54.83,23.46,25.4,26.22,-1.67,2012,4
721,2012T4,Andalucía,35.71,65.07,32.86,34.26,37.46,-1.67,2012,4
722,2012T4,Aragón,18.72,46.21,16.73,16.79,21.06,-1.67,2012,4
723,2012T4,Asturias,23.82,53.26,22.34,23.63,24.04,-1.67,2012,4
724,2012T4,Islas_Baleares,24.3,57.55,21.58,24.29,24.32,-1.67,2012,4
725,2012T4,Canarias,32.6,69.69,29.38,32.91,32.23,-1.67,2012,4
726,2012T4,Cantabria,19.19,41.82,18.06,19.23,19.13,-1.67,2012,4
727,2012T4,Castilla_y_León,20.74,47.66,18.97,19.23,22.65,-1.67,2012,4
728,2012T4,Castilla_La_Mancha,30.07,56.71,27.57,26.31,35.09,-1.67,2012,4
729,2012T4,Cataluña,23.81,51.73,21.47,24.65,22.84,-1.67,2012,4
730,2012T4,Valencia,27.62,49.73,25.78,27.25,28.07,-1.67,2012,4
731,2012T4,Extremadura,33.97,61.07,31.01,31.59,37.05,-1.67,2012,4
732,2012T4,Galicia,21.13,47.83,19.43,21.36,20.86,-1.67,2012,4
733,2012T4,Madrid,19.32,49.09,17.28,19.79,18.81,-1.67,2012,4
734,2012T4,Murcia,29.37,55.0,27.08,28.87,30.02,-1.67,2012,4
735,2012T4,Navarra,17.17,50.14,15.23,16.79,17.62,-1.67,2012,4
736,2012T4,País_Vasco,16.6,46.35,14.87,16.69,16.51,-1.67,2012,4
737,2012T4,La_Rioja,18.82,34.93,17.8,18.5,19.22,-1.67,2012,4
738,2012T4,Ceuta,37.17,69.48,33.87,28.74,50.03,-1.67,2012,4
739,2012T4,Melilla,26.41,40.89,25.1,23.71,30.26,-1.67,2012,4
740,2012T3,Total_Nacional,24.79,52.01,22.42,24.54,25.1,-0.535,2012,3
741,2012T3,Andalucía,35.21,62.54,32.32,34.7,35.83,-0.535,2012,3
742,2012T3,Aragón,18.83,44.25,16.72,18.09,19.74,-0.535,2012,3
743,2012T3,Asturias,21.83,46.3,20.5,22.1,21.51,-0.535,2012,3
744,2012T3,Islas_Baleares,19.56,43.23,17.26,19.1,20.09,-0.535,2012,3
745,2012T3,Canarias,33.22,62.96,30.45,32.67,33.86,-0.535,2012,3
746,2012T3,Cantabria,15.79,36.86,14.57,16.71,14.65,-0.535,2012,3
747,2012T3,Castilla_y_León,19.23,45.87,17.25,17.06,22.04,-0.535,2012,3
748,2012T3,Castilla_La_Mancha,27.99,52.89,25.35,25.55,31.28,-0.535,2012,3
749,2012T3,Cataluña,22.46,48.68,20.07,22.89,21.95,-0.535,2012,3
750,2012T3,Valencia,27.6,50.11,25.53,27.32,27.95,-0.535,2012,3
751,2012T3,Extremadura,32.67,60.97,29.39,30.23,35.92,-0.535,2012,3
752,2012T3,Galicia,19.97,46.09,18.11,20.3,19.59,-0.535,2012,3
753,2012T3,Madrid,18.23,49.15,15.98,18.49,17.95,-0.535,2012,3
754,2012T3,Murcia,28.34,49.33,26.25,28.56,28.06,-0.535,2012,3
755,2012T3,Navarra,14.97,30.59,13.82,15.43,14.4,-0.535,2012,3
756,2012T3,País_Vasco,16.25,42.97,14.68,16.37,16.12,-0.535,2012,3
757,2012T3,La_Rioja,20.54,48.17,18.39,18.8,22.68,-0.535,2012,3
758,2012T3,Ceuta,38.8,54.95,37.21,26.24,55.28,-0.535,2012,3
759,2012T3,Melilla,29.06,52.92,26.84,25.67,33.69,-0.535,2012,3
760,2012T2,Total_Nacional,24.4,53.04,21.99,24.43,24.36,-1.0174,2012,2
761,2012T2,Andalucía,33.59,62.86,30.61,33.15,34.13,-1.0174,2012,2
762,2012T2,Aragón,18.74,39.79,17.11,18.16,19.46,-1.0174,2012,2
763,2012T2,Asturias,21.12,44.12,19.87,21.4,20.79,-1.0174,2012,2
764,2012T2,Islas_Baleares,21.32,46.01,18.95,19.65,23.23,-1.0174,2012,2
765,2012T2,Canarias,32.7,62.01,30.07,32.05,33.48,-1.0174,2012,2
766,2012T2,Cantabria,17.42,42.08,16.17,18.48,16.15,-1.0174,2012,2
767,2012T2,Castilla_y_León,19.82,48.63,17.77,17.97,22.2,-1.0174,2012,2
768,2012T2,Castilla_La_Mancha,28.9,56.96,26.13,26.26,32.41,-1.0174,2012,2
769,2012T2,Cataluña,21.79,51.37,19.22,22.81,20.6,-1.0174,2012,2
770,2012T2,Valencia,26.71,55.45,24.19,27.38,25.89,-1.0174,2012,2
771,2012T2,Extremadura,33.54,66.67,30.04,31.12,36.82,-1.0174,2012,2
772,2012T2,Galicia,20.93,45.02,19.33,21.68,20.08,-1.0174,2012,2
773,2012T2,Madrid,18.42,44.11,16.56,19.12,17.67,-1.0174,2012,2
774,2012T2,Murcia,26.07,47.82,23.85,26.12,25.99,-1.0174,2012,2
775,2012T2,Navarra,16.3,42.43,14.54,17.89,14.4,-1.0174,2012,2
776,2012T2,País_Vasco,15.29,43.99,13.51,14.76,15.9,-1.0174,2012,2
777,2012T2,La_Rioja,22.81,56.63,20.03,20.96,25.14,-1.0174,2012,2
778,2012T2,Ceuta,37.4,76.39,33.43,32.71,44.17,-1.0174,2012,2
779,2012T2,Melilla,28.59,74.77,24.08,24.51,35.34,-1.0174,2012,2
780,2012T1,Total_Nacional,24.19,51.67,21.9,23.96,24.46,-0.3441,2012,1
781,2012T1,Andalucía,32.9,57.25,30.48,31.58,34.53,-0.3441,2012,1
782,2012T1,Aragón,18.37,39.04,16.9,17.91,18.93,-0.3441,2012,1
783,2012T1,Asturias,20.52,52.55,18.84,20.44,20.62,-0.3441,2012,1
784,2012T1,Islas_Baleares,27.85,50.66,25.72,26.89,28.99,-0.3441,2012,1
785,2012T1,Canarias,31.78,54.36,29.86,30.14,33.73,-0.3441,2012,1
786,2012T1,Cantabria,18.77,45.83,17.15,18.07,19.59,-0.3441,2012,1
787,2012T1,Castilla_y_León,19.41,50.42,17.25,17.9,21.34,-0.3441,2012,1
788,2012T1,Castilla_La_Mancha,27.38,51.87,24.91,25.11,30.39,-0.3441,2012,1
789,2012T1,Cataluña,22.0,49.83,19.6,22.42,21.52,-0.3441,2012,1
790,2012T1,Valencia,26.83,56.26,24.39,27.47,26.04,-0.3441,2012,1
791,2012T1,Extremadura,32.12,59.32,29.06,30.5,34.31,-0.3441,2012,1
792,2012T1,Galicia,20.1,42.1,18.6,19.85,20.39,-0.3441,2012,1
793,2012T1,Madrid,18.15,49.87,15.78,19.02,17.2,-0.3441,2012,1
794,2012T1,Murcia,26.68,50.08,24.37,27.63,25.42,-0.3441,2012,1
795,2012T1,Navarra,16.21,39.4,14.57,16.63,15.7,-0.3441,2012,1
796,2012T1,País_Vasco,14.25,37.42,12.92,14.4,14.08,-0.3441,2012,1
797,2012T1,La_Rioja,20.1,57.23,17.11,17.9,22.8,-0.3441,2012,1
798,2012T1,Ceuta,34.71,78.18,28.95,29.53,42.22,-0.3441,2012,1
799,2012T1,Melilla,23.37,70.21,18.57,16.61,34.55,-0.3441,2012,1
800,2011T4,Total_Nacional,22.56,48.14,20.37,22.26,22.92,-1.1697,2011,4
801,2011T4,Andalucía,31.01,54.7,28.49,29.7,32.67,-1.1697,2011,4
802,2011T4,Aragón,16.8,35.55,15.43,17.01,16.53,-1.1697,2011,4
803,2011T4,Asturias,18.84,51.7,16.96,19.95,17.55,-1.1697,2011,4
804,2011T4,Islas_Baleares,25.49,51.17,23.21,25.79,25.11,-1.1697,2011,4
805,2011T4,Canarias,30.33,48.8,28.72,30.01,30.71,-1.1697,2011,4
806,2011T4,Cantabria,15.92,42.03,14.38,16.12,15.68,-1.1697,2011,4
807,2011T4,Castilla_y_León,17.21,42.41,15.32,15.84,18.97,-1.1697,2011,4
808,2011T4,Castilla_La_Mancha,24.53,47.9,22.11,22.65,27.04,-1.1697,2011,4
809,2011T4,Cataluña,20.4,47.58,18.04,20.7,20.05,-1.1697,2011,4
810,2011T4,Valencia,24.83,53.41,22.39,25.05,24.56,-1.1697,2011,4
811,2011T4,Extremadura,28.33,53.61,25.59,25.87,31.61,-1.1697,2011,4
812,2011T4,Galicia,18.17,38.31,16.79,17.55,18.86,-1.1697,2011,4
813,2011T4,Madrid,17.96,43.15,16.06,18.5,17.36,-1.1697,2011,4
814,2011T4,Murcia,26.31,51.6,23.78,26.15,26.51,-1.1697,2011,4
815,2011T4,Navarra,13.8,33.73,12.43,13.2,14.52,-1.1697,2011,4
816,2011T4,País_Vasco,13.16,36.61,11.68,12.27,14.18,-1.1697,2011,4
817,2011T4,La_Rioja,18.61,44.21,16.73,17.48,20.01,-1.1697,2011,4
818,2011T4,Ceuta,27.19,59.05,22.99,20.23,37.97,-1.1697,2011,4
819,2011T4,Melilla,24.84,74.49,21.37,16.78,36.22,-1.1697,2011,4
820,2011T3,Total_Nacional,21.28,45.58,18.99,20.9,21.75,-0.8354,2011,3
821,2011T3,Andalucía,30.69,53.31,28.11,29.18,32.61,-0.8354,2011,3
822,2011T3,Aragón,15.96,37.55,14.1,15.5,16.54,-0.8354,2011,3
823,2011T3,Asturias,17.19,49.54,15.03,17.83,16.45,-0.8354,2011,3
824,2011T3,Islas_Baleares,17.79,35.52,16.01,19.62,15.63,-0.8354,2011,3
825,2011T3,Canarias,29.08,48.97,27.14,28.86,29.35,-0.8354,2011,3
826,2011T3,Cantabria,14.13,34.31,12.71,14.82,13.27,-0.8354,2011,3
827,2011T3,Castilla_y_León,16.24,37.77,14.4,15.28,17.49,-0.8354,2011,3
828,2011T3,Castilla_La_Mancha,22.46,46.51,19.78,20.6,25.01,-0.8354,2011,3
829,2011T3,Cataluña,19.38,42.8,17.15,20.35,18.23,-0.8354,2011,3
830,2011T3,Valencia,24.31,51.75,21.54,23.74,25.02,-0.8354,2011,3
831,2011T3,Extremadura,23.62,48.66,20.84,22.11,25.69,-0.8354,2011,3
832,2011T3,Galicia,17.05,33.26,15.86,16.16,18.08,-0.8354,2011,3
833,2011T3,Madrid,16.59,43.04,14.47,16.06,17.18,-0.8354,2011,3
834,2011T3,Murcia,24.11,51.87,20.94,23.72,24.65,-0.8354,2011,3
835,2011T3,Navarra,11.75,26.95,10.39,11.49,12.06,-0.8354,2011,3
836,2011T3,País_Vasco,12.48,35.35,10.82,11.96,13.1,-0.8354,2011,3
837,2011T3,La_Rioja,17.7,45.97,15.13,16.87,18.73,-0.8354,2011,3
838,2011T3,Ceuta,31.04,69.9,24.56,24.8,41.26,-0.8354,2011,3
839,2011T3,Melilla,21.99,67.03,18.37,19.2,26.47,-0.8354,2011,3
840,2011T2,Total_Nacional,20.64,45.87,18.36,20.42,20.92,-0.0772,2011,2
841,2011T2,Andalucía,29.45,55.53,26.59,28.1,31.19,-0.0772,2011,2
842,2011T2,Aragón,17.51,44.03,15.37,17.11,18.01,-0.0772,2011,2
843,2011T2,Asturias,17.17,47.25,15.45,17.81,16.44,-0.0772,2011,2
844,2011T2,Islas_Baleares,19.53,40.02,17.58,20.37,18.53,-0.0772,2011,2
845,2011T2,Canarias,29.39,52.19,27.22,29.81,28.9,-0.0772,2011,2
846,2011T2,Cantabria,14.88,40.39,13.23,16.34,13.08,-0.0772,2011,2
847,2011T2,Castilla_y_León,16.51,35.1,14.99,15.46,17.85,-0.0772,2011,2
848,2011T2,Castilla_La_Mancha,23.18,48.13,20.34,20.65,26.61,-0.0772,2011,2
849,2011T2,Cataluña,17.93,41.62,15.75,18.47,17.29,-0.0772,2011,2
850,2011T2,Valencia,23.1,49.89,20.63,22.65,23.64,-0.0772,2011,2
851,2011T2,Extremadura,23.25,51.32,20.07,21.24,26.03,-0.0772,2011,2
852,2011T2,Galicia,16.63,38.03,15.14,15.93,17.43,-0.0772,2011,2
853,2011T2,Madrid,15.62,40.65,13.64,16.34,14.82,-0.0772,2011,2
854,2011T2,Murcia,23.97,47.4,21.43,24.19,23.68,-0.0772,2011,2
855,2011T2,Navarra,12.87,29.05,11.52,12.73,13.04,-0.0772,2011,2
856,2011T2,País_Vasco,11.83,33.84,10.41,11.15,12.61,-0.0772,2011,2
857,2011T2,La_Rioja,16.75,49.64,14.24,16.94,16.51,-0.0772,2011,2
858,2011T2,Ceuta,27.02,69.36,21.59,21.65,35.78,-0.0772,2011,2
859,2011T2,Melilla,21.47,56.7,18.57,20.14,23.42,-0.0772,2011,2
860,2011T1,Total_Nacional,21.08,45.3,18.9,20.6,21.66,-0.5097,2011,1
861,2011T1,Andalucía,29.37,52.84,26.75,27.77,31.4,-0.5097,2011,1
862,2011T1,Aragón,18.04,42.24,16.16,17.9,18.22,-0.5097,2011,1
863,2011T1,Asturias,18.16,45.38,16.55,17.66,18.72,-0.5097,2011,1
864,2011T1,Islas_Baleares,24.98,45.72,23.19,23.77,26.41,-0.5097,2011,1
865,2011T1,Canarias,28.32,53.26,26.09,28.94,27.55,-0.5097,2011,1
866,2011T1,Cantabria,16.27,46.12,14.23,17.12,15.19,-0.5097,2011,1
867,2011T1,Castilla_y_León,17.51,39.35,15.77,16.19,19.18,-0.5097,2011,1
868,2011T1,Castilla_La_Mancha,22.13,48.31,19.18,19.62,25.67,-0.5097,2011,1
869,2011T1,Cataluña,18.93,43.32,16.62,19.56,18.17,-0.5097,2011,1
870,2011T1,Valencia,23.7,50.54,21.29,23.37,24.11,-0.5097,2011,1
871,2011T1,Extremadura,25.12,50.37,22.33,22.93,28.16,-0.5097,2011,1
872,2011T1,Galicia,17.19,41.45,15.48,16.6,17.86,-0.5097,2011,1
873,2011T1,Madrid,15.18,36.58,13.5,14.68,15.74,-0.5097,2011,1
874,2011T1,Murcia,25.55,41.47,23.79,26.0,24.95,-0.5097,2011,1
875,2011T1,Navarra,13.53,28.48,12.36,12.87,14.34,-0.5097,2011,1
876,2011T1,País_Vasco,11.92,30.22,10.82,11.65,12.24,-0.5097,2011,1
877,2011T1,La_Rioja,15.77,44.67,13.66,15.32,16.33,-0.5097,2011,1
878,2011T1,Ceuta,25.73,56.09,22.09,21.93,32.45,-0.5097,2011,1
879,2011T1,Melilla,21.33,59.18,17.88,19.69,23.45,-0.5097,2011,1
880,2010T4,Total_Nacional,20.11,42.73,18.02,19.8,20.51,0.5243,2010,4
881,2010T4,Andalucía,28.04,49.63,25.59,26.54,29.96,0.5243,2010,4
882,2010T4,Aragón,16.29,33.17,14.94,15.54,17.26,0.5243,2010,4
883,2010T4,Asturias,16.61,43.56,14.96,15.53,17.86,0.5243,2010,4
884,2010T4,Islas_Baleares,21.78,44.82,19.58,22.9,20.39,0.5243,2010,4
885,2010T4,Canarias,28.78,48.9,26.92,29.87,27.43,0.5243,2010,4
886,2010T4,Cantabria,14.67,40.66,12.98,13.12,16.59,0.5243,2010,4
887,2010T4,Castilla_y_León,15.78,35.24,14.13,14.43,17.52,0.5243,2010,4
888,2010T4,Castilla_La_Mancha,21.72,43.95,19.1,19.54,24.84,0.5243,2010,4
889,2010T4,Cataluña,17.86,39.22,15.88,19.1,16.37,0.5243,2010,4
890,2010T4,Valencia,22.57,46.42,20.33,22.2,23.04,0.5243,2010,4
891,2010T4,Extremadura,23.95,49.1,21.01,21.5,27.3,0.5243,2010,4
892,2010T4,Galicia,15.62,36.32,14.07,15.17,16.14,0.5243,2010,4
893,2010T4,Madrid,15.54,39.67,13.54,15.16,15.96,0.5243,2010,4
894,2010T4,Murcia,24.45,44.6,22.26,25.06,23.63,0.5243,2010,4
895,2010T4,Navarra,11.77,29.68,10.33,11.56,12.04,0.5243,2010,4
896,2010T4,País_Vasco,10.98,29.98,9.72,10.66,11.37,0.5243,2010,4
897,2010T4,La_Rioja,15.58,39.16,13.98,14.22,17.38,0.5243,2010,4
898,2010T4,Ceuta,24.83,67.98,19.45,18.14,36.16,0.5243,2010,4
899,2010T4,Melilla,24.46,51.57,22.07,20.04,30.65,0.5243,2010,4
900,2010T3,Total_Nacional,19.59,40.56,17.49,19.12,20.18,0.2259,2010,3
901,2010T3,Andalucía,28.38,49.8,25.82,26.82,30.42,0.2259,2010,3
902,2010T3,Aragón,13.77,31.44,12.16,13.62,13.95,0.2259,2010,3
903,2010T3,Asturias,14.1,31.5,12.94,13.33,15.02,0.2259,2010,3
904,2010T3,Islas_Baleares,16.93,36.66,14.82,18.36,15.2,0.2259,2010,3
905,2010T3,Canarias,28.59,51.35,26.37,29.11,27.93,0.2259,2010,3
906,2010T3,Cantabria,12.07,25.47,11.08,11.81,12.4,0.2259,2010,3
907,2010T3,Castilla_y_León,15.2,32.08,13.63,13.42,17.52,0.2259,2010,3
908,2010T3,Castilla_La_Mancha,20.07,41.9,17.33,17.69,23.57,0.2259,2010,3
909,2010T3,Cataluña,17.31,37.54,15.27,17.97,16.51,0.2259,2010,3
910,2010T3,Valencia,22.97,40.92,20.97,23.0,22.93,0.2259,2010,3
911,2010T3,Extremadura,22.33,47.35,19.22,19.87,25.81,0.2259,2010,3
912,2010T3,Galicia,14.8,34.58,13.22,13.99,15.77,0.2259,2010,3
913,2010T3,Madrid,15.76,37.81,13.8,15.06,16.54,0.2259,2010,3
914,2010T3,Murcia,23.44,40.58,21.51,23.58,23.24,0.2259,2010,3
915,2010T3,Navarra,12.51,30.2,10.93,10.61,14.91,0.2259,2010,3
916,2010T3,País_Vasco,10.08,29.13,8.84,10.02,10.15,0.2259,2010,3
917,2010T3,La_Rioja,13.97,41.52,11.82,13.15,15.05,0.2259,2010,3
918,2010T3,Ceuta,21.98,59.15,17.04,21.42,23.0,0.2259,2010,3
919,2010T3,Melilla,23.49,50.96,19.99,18.28,31.09,0.2259,2010,3
920,2010T2,Total_Nacional,19.89,41.97,17.72,19.56,20.3,-0.2522,2010,2
921,2010T2,Andalucía,27.62,51.43,24.76,26.81,28.68,-0.2522,2010,2
922,2010T2,Aragón,14.52,31.13,13.04,13.39,15.99,-0.2522,2010,2
923,2010T2,Asturias,16.35,33.53,15.28,15.59,17.25,-0.2522,2010,2
924,2010T2,Islas_Baleares,19.79,45.26,17.03,20.01,19.53,-0.2522,2010,2
925,2010T2,Canarias,29.31,54.94,26.87,29.92,28.55,-0.2522,2010,2
926,2010T2,Cantabria,13.73,36.17,11.97,12.7,15.02,-0.2522,2010,2
927,2010T2,Castilla_y_León,16.38,35.96,14.72,14.17,19.28,-0.2522,2010,2
928,2010T2,Castilla_La_Mancha,21.38,44.43,18.56,19.73,23.82,-0.2522,2010,2
929,2010T2,Cataluña,17.56,39.94,15.32,18.2,16.77,-0.2522,2010,2
930,2010T2,Valencia,23.44,41.09,21.64,23.52,23.34,-0.2522,2010,2
931,2010T2,Extremadura,22.4,44.17,19.63,19.99,25.81,-0.2522,2010,2
932,2010T2,Galicia,15.49,34.73,14.02,14.69,16.43,-0.2522,2010,2
933,2010T2,Madrid,16.18,37.05,14.35,16.01,16.37,-0.2522,2010,2
934,2010T2,Murcia,20.86,35.59,19.2,21.44,20.08,-0.2522,2010,2
935,2010T2,Navarra,11.02,33.8,8.99,10.52,11.64,-0.2522,2010,2
936,2010T2,País_Vasco,10.6,31.8,9.19,9.91,11.45,-0.2522,2010,2
937,2010T2,La_Rioja,12.17,34.87,10.58,10.76,14.03,-0.2522,2010,2
938,2010T2,Ceuta,26.08,65.39,21.59,24.92,28.2,-0.2522,2010,2
939,2010T2,Melilla,23.38,52.66,19.08,20.08,28.64,-0.2522,2010,2
940,2010T1,Total_Nacional,19.84,40.73,17.81,19.8,19.9,0.6697,2010,1
941,2010T1,Andalucía,27.05,48.75,24.45,26.6,27.63,0.6697,2010,1
942,2010T1,Aragón,15.24,31.89,13.81,14.22,16.55,0.6697,2010,1
943,2010T1,Asturias,16.6,40.67,14.88,16.18,17.11,0.6697,2010,1
944,2010T1,Islas_Baleares,22.22,44.4,19.82,22.04,22.45,0.6697,2010,1
945,2010T1,Canarias,27.72,52.66,25.18,27.71,27.73,0.6697,2010,1
946,2010T1,Cantabria,14.33,42.07,12.13,13.03,15.99,0.6697,2010,1
947,2010T1,Castilla_y_León,15.83,32.76,14.48,14.88,17.11,0.6697,2010,1
948,2010T1,Castilla_La_Mancha,21.72,41.33,19.32,19.91,24.36,0.6697,2010,1
949,2010T1,Cataluña,17.9,39.76,15.8,19.12,16.38,0.6697,2010,1
950,2010T1,Valencia,22.45,40.73,20.58,23.01,21.75,0.6697,2010,1
951,2010T1,Extremadura,23.2,42.33,21.01,20.96,26.29,0.6697,2010,1
952,2010T1,Galicia,15.39,36.03,13.75,14.52,16.42,0.6697,2010,1
953,2010T1,Madrid,15.89,33.93,14.31,16.06,15.7,0.6697,2010,1
954,2010T1,Murcia,22.7,36.91,21.18,22.65,22.78,0.6697,2010,1
955,2010T1,Navarra,12.31,27.5,11.05,13.33,10.99,0.6697,2010,1
956,2010T1,País_Vasco,11.1,31.56,9.75,10.57,11.74,0.6697,2010,1
957,2010T1,La_Rioja,14.86,36.88,13.23,13.25,17.04,0.6697,2010,1
958,2010T1,Ceuta,22.79,57.21,17.73,21.0,26.02,0.6697,2010,1
959,2010T1,Melilla,19.76,52.57,14.71,12.99,30.75,0.6697,2010,1
960,2009T4,Total_Nacional,18.66,38.81,16.65,18.56,18.8,-0.1736,2009,4
961,2009T4,Andalucía,26.27,45.66,23.97,25.36,27.47,-0.1736,2009,4
962,2009T4,Aragón,13.57,31.47,12.05,14.25,12.69,-0.1736,2009,4
963,2009T4,Asturias,14.13,35.91,12.41,13.4,15.01,-0.1736,2009,4
964,2009T4,Islas_Baleares,19.45,37.1,17.52,20.8,17.7,-0.1736,2009,4
965,2009T4,Canarias,26.77,49.58,24.35,26.96,26.54,-0.1736,2009,4
966,2009T4,Cantabria,12.7,36.63,10.77,12.53,12.92,-0.1736,2009,4
967,2009T4,Castilla_y_León,14.21,32.45,12.68,12.55,16.44,-0.1736,2009,4
968,2009T4,Castilla_La_Mancha,19.29,36.8,17.18,17.51,21.89,-0.1736,2009,4
969,2009T4,Cataluña,16.9,37.9,14.85,18.18,15.32,-0.1736,2009,4
970,2009T4,Valencia,22.09,41.4,19.99,22.81,21.16,-0.1736,2009,4
971,2009T4,Extremadura,21.21,42.05,18.69,17.73,26.09,-0.1736,2009,4
972,2009T4,Galicia,12.8,31.46,11.25,11.79,13.99,-0.1736,2009,4
973,2009T4,Madrid,14.48,33.21,12.78,14.29,14.71,-0.1736,2009,4
974,2009T4,Murcia,21.84,37.47,20.14,22.68,20.67,-0.1736,2009,4
975,2009T4,Navarra,10.51,26.32,9.18,9.77,11.46,-0.1736,2009,4
976,2009T4,País_Vasco,12.13,36.35,10.27,11.59,12.78,-0.1736,2009,4
977,2009T4,La_Rioja,13.76,36.06,11.73,13.22,14.49,-0.1736,2009,4
978,2009T4,Ceuta,24.01,39.22,22.26,17.54,34.96,-0.1736,2009,4
979,2009T4,Melilla,19.87,26.18,19.17,12.64,29.88,-0.1736,2009,4
980,2009T3,Total_Nacional,17.75,38.57,15.45,17.62,17.91,-0.1699,2009,3
981,2009T3,Andalucía,25.51,45.61,22.89,24.54,26.83,-0.1699,2009,3
982,2009T3,Aragón,12.15,33.63,10.14,12.02,12.32,-0.1699,2009,3
983,2009T3,Asturias,13.54,35.72,11.62,12.84,14.37,-0.1699,2009,3
984,2009T3,Islas_Baleares,14.78,27.43,13.21,17.89,10.96,-0.1699,2009,3
985,2009T3,Canarias,25.63,47.2,23.27,24.99,26.43,-0.1699,2009,3
986,2009T3,Cantabria,11.06,22.64,10.04,10.32,11.98,-0.1699,2009,3
987,2009T3,Castilla_y_León,13.17,31.83,11.3,10.85,16.29,-0.1699,2009,3
988,2009T3,Castilla_La_Mancha,18.38,36.59,15.93,16.71,20.87,-0.1699,2009,3
989,2009T3,Cataluña,15.89,37.45,13.55,16.52,15.11,-0.1699,2009,3
990,2009T3,Valencia,21.43,40.58,19.04,22.27,20.34,-0.1699,2009,3
991,2009T3,Extremadura,19.14,38.97,16.57,15.34,24.54,-0.1699,2009,3
992,2009T3,Galicia,12.23,30.92,10.48,11.42,13.19,-0.1699,2009,3
993,2009T3,Madrid,14.18,39.02,11.75,14.31,14.03,-0.1699,2009,3
994,2009T3,Murcia,20.55,35.63,18.68,22.86,17.39,-0.1699,2009,3
995,2009T3,Navarra,10.31,27.97,8.57,9.46,11.41,-0.1699,2009,3
996,2009T3,País_Vasco,11.85,31.75,10.33,11.81,11.89,-0.1699,2009,3
997,2009T3,La_Rioja,12.99,33.67,10.82,12.77,13.28,-0.1699,2009,3
998,2009T3,Ceuta,19.64,46.19,15.78,12.9,30.05,-0.1699,2009,3
999,2009T3,Melilla,23.2,64.93,18.05,16.58,32.99,-0.1699,2009,3
1000,2009T2,Total_Nacional,17.77,38.06,15.59,17.56,18.04,-0.7556,2009,2
1001,2009T2,Andalucía,25.26,45.82,22.55,23.87,27.12,-0.7556,2009,2
1002,2009T2,Aragón,13.18,31.95,11.48,13.8,12.37,-0.7556,2009,2
1003,2009T2,Asturias,13.94,37.09,11.98,13.09,14.96,-0.7556,2009,2
1004,2009T2,Islas_Baleares,18.02,32.79,16.33,19.52,16.21,-0.7556,2009,2
1005,2009T2,Canarias,25.7,47.3,23.4,24.9,26.75,-0.7556,2009,2
1006,2009T2,Cantabria,11.67,30.28,10.09,10.74,12.85,-0.7556,2009,2
1007,2009T2,Castilla_y_León,14.4,31.61,12.75,12.75,16.62,-0.7556,2009,2
1008,2009T2,Castilla_La_Mancha,19.65,38.15,17.16,17.83,22.35,-0.7556,2009,2
1009,2009T2,Cataluña,15.92,36.18,13.83,16.98,14.58,-0.7556,2009,2
1010,2009T2,Valencia,20.77,38.83,18.65,20.53,21.07,-0.7556,2009,2
1011,2009T2,Extremadura,20.22,39.37,17.79,17.22,24.41,-0.7556,2009,2
1012,2009T2,Galicia,12.63,30.58,11.07,12.02,13.34,-0.7556,2009,2
1013,2009T2,Madrid,13.4,36.26,11.22,13.92,12.81,-0.7556,2009,2
1014,2009T2,Murcia,19.93,33.73,18.21,20.9,18.57,-0.7556,2009,2
1015,2009T2,Navarra,12.0,39.81,9.36,10.82,13.55,-0.7556,2009,2
1016,2009T2,País_Vasco,10.76,28.51,9.39,10.74,10.79,-0.7556,2009,2
1017,2009T2,La_Rioja,12.57,32.49,10.58,12.97,12.0,-0.7556,2009,2
1018,2009T2,Ceuta,15.39,31.0,13.58,10.57,23.58,-0.7556,2009,2
1019,2009T2,Melilla,24.93,29.31,24.45,21.38,30.17,-0.7556,2009,2
1020,2009T1,Total_Nacional,17.24,35.54,15.25,16.85,17.76,-2.2676,2009,1
1021,2009T1,Andalucía,23.94,43.12,21.46,22.45,25.95,-2.2676,2009,1
1022,2009T1,Aragón,13.31,29.85,11.71,13.57,12.96,-2.2676,2009,1
1023,2009T1,Asturias,12.07,31.72,10.31,11.28,13.04,-2.2676,2009,1
1024,2009T1,Islas_Baleares,19.63,31.88,18.29,18.8,20.72,-2.2676,2009,1
1025,2009T1,Canarias,25.9,46.99,23.64,25.46,26.48,-2.2676,2009,1
1026,2009T1,Cantabria,12.57,31.06,11.02,12.61,12.52,-2.2676,2009,1
1027,2009T1,Castilla_y_León,14.12,32.31,12.36,12.16,16.77,-2.2676,2009,1
1028,2009T1,Castilla_La_Mancha,18.17,33.55,16.09,16.72,20.33,-2.2676,2009,1
1029,2009T1,Cataluña,16.16,36.17,13.97,17.15,14.92,-2.2676,2009,1
1030,2009T1,Valencia,18.76,37.03,16.68,18.29,19.36,-2.2676,2009,1
1031,2009T1,Extremadura,21.95,45.13,18.87,19.78,25.06,-2.2676,2009,1
1032,2009T1,Galicia,12.09,28.59,10.6,11.4,12.92,-2.2676,2009,1
1033,2009T1,Madrid,13.36,28.31,11.9,13.15,13.62,-2.2676,2009,1
1034,2009T1,Murcia,18.99,28.7,17.76,20.15,17.33,-2.2676,2009,1
1035,2009T1,Navarra,10.51,27.79,8.94,9.9,11.34,-2.2676,2009,1
1036,2009T1,País_Vasco,10.61,29.77,9.09,10.21,11.11,-2.2676,2009,1
1037,2009T1,La_Rioja,11.27,30.54,9.2,11.39,11.11,-2.2676,2009,1
1038,2009T1,Ceuta,15.49,24.66,14.45,11.79,21.51,-2.2676,2009,1
1039,2009T1,Melilla,25.87,31.3,25.2,19.7,35.9,-2.2676,2009,1
1040,2008T4,Total_Nacional,13.79,28.97,12.06,12.96,14.85,-0.7248,2008,4
1041,2008T4,Andalucía,21.66,38.19,19.33,19.71,24.34,-0.7248,2008,4
1042,2008T4,Aragón,9.71,24.16,8.24,9.96,9.37,-0.7248,2008,4
1043,2008T4,Asturias,10.0,22.65,8.98,8.34,11.99,-0.7248,2008,4
1044,2008T4,Islas_Baleares,12.05,22.78,10.86,12.44,11.54,-0.7248,2008,4
1045,2008T4,Canarias,20.99,35.93,19.33,19.07,23.52,-0.7248,2008,4
1046,2008T4,Cantabria,8.81,23.92,7.53,8.43,9.3,-0.7248,2008,4
1047,2008T4,Castilla_y_León,11.4,26.2,9.91,8.87,14.82,-0.7248,2008,4
1048,2008T4,Castilla_La_Mancha,15.04,31.41,12.76,13.46,17.41,-0.7248,2008,4
1049,2008T4,Cataluña,11.75,26.25,10.1,12.34,11.01,-0.7248,2008,4
1050,2008T4,Valencia,14.58,29.61,12.76,13.71,15.71,-0.7248,2008,4
1051,2008T4,Extremadura,18.11,35.4,15.81,14.71,23.06,-0.7248,2008,4
1052,2008T4,Galicia,9.64,24.06,8.4,8.76,10.71,-0.7248,2008,4
1053,2008T4,Madrid,10.02,22.35,8.76,9.33,10.82,-0.7248,2008,4
1054,2008T4,Murcia,15.29,26.15,13.78,15.77,14.61,-0.7248,2008,4
1055,2008T4,Navarra,8.13,24.21,6.76,7.17,9.4,-0.7248,2008,4
1056,2008T4,País_Vasco,8.48,22.31,7.35,7.91,9.18,-0.7248,2008,4
1057,2008T4,La_Rioja,9.8,27.46,8.06,8.39,11.75,-0.7248,2008,4
1058,2008T4,Ceuta,15.66,30.77,13.52,9.11,26.12,-0.7248,2008,4
1059,2008T4,Melilla,16.17,21.53,15.48,14.17,19.93,-0.7248,2008,4
1060,2008T3,Total_Nacional,11.23,24.18,9.63,10.29,12.48,-0.5473,2008,3
1061,2008T3,Andalucía,18.21,30.92,16.25,15.48,22.07,-0.5473,2008,3
1062,2008T3,Aragón,6.41,17.71,5.23,5.6,7.49,-0.5473,2008,3
1063,2008T3,Asturias,7.6,19.83,6.43,6.03,9.52,-0.5473,2008,3
1064,2008T3,Islas_Baleares,9.32,26.56,7.09,9.65,8.89,-0.5473,2008,3
1065,2008T3,Canarias,17.36,28.7,15.94,16.87,18.01,-0.5473,2008,3
1066,2008T3,Cantabria,6.32,16.18,5.33,5.51,7.39,-0.5473,2008,3
1067,2008T3,Castilla_y_León,9.47,21.66,8.19,7.17,12.64,-0.5473,2008,3
1068,2008T3,Castilla_La_Mancha,11.4,21.93,9.82,9.16,14.82,-0.5473,2008,3
1069,2008T3,Cataluña,8.8,20.17,7.47,9.41,8.02,-0.5473,2008,3
1070,2008T3,Valencia,12.34,27.41,10.3,11.61,13.36,-0.5473,2008,3
1071,2008T3,Extremadura,14.72,26.71,12.91,10.48,21.0,-0.5473,2008,3
1072,2008T3,Galicia,8.31,21.44,6.94,6.86,10.08,-0.5473,2008,3
1073,2008T3,Madrid,8.32,19.32,7.12,8.2,8.47,-0.5473,2008,3
1074,2008T3,Murcia,13.75,26.04,11.78,13.55,14.03,-0.5473,2008,3
1075,2008T3,Navarra,7.25,17.77,6.11,5.29,9.86,-0.5473,2008,3
1076,2008T3,País_Vasco,6.44,19.66,5.3,5.89,7.14,-0.5473,2008,3
1077,2008T3,La_Rioja,8.25,25.38,6.42,6.89,10.21,-0.5473,2008,3
1078,2008T3,Ceuta,17.85,43.12,14.16,13.39,25.54,-0.5473,2008,3
1079,2008T3,Melilla,22.69,42.56,20.15,17.78,31.6,-0.5473,2008,3
1080,2008T2,Total_Nacional,10.36,23.62,8.8,9.06,12.08,0.4776,2008,2
1081,2008T2,Andalucía,16.16,28.72,14.33,13.9,19.37,0.4776,2008,2
1082,2008T2,Aragón,6.93,21.09,5.35,5.68,8.66,0.4776,2008,2
1083,2008T2,Asturias,7.84,22.07,6.51,6.59,9.39,0.4776,2008,2
1084,2008T2,Islas_Baleares,8.4,25.98,6.29,7.58,9.47,0.4776,2008,2
1085,2008T2,Canarias,15.93,35.39,13.5,15.25,16.83,0.4776,2008,2
1086,2008T2,Cantabria,7.1,23.12,5.72,5.44,9.3,0.4776,2008,2
1087,2008T2,Castilla_y_León,9.36,23.13,7.96,6.34,13.64,0.4776,2008,2
1088,2008T2,Castilla_La_Mancha,10.63,21.49,9.03,7.73,14.99,0.4776,2008,2
1089,2008T2,Cataluña,7.47,16.19,6.51,7.66,7.24,0.4776,2008,2
1090,2008T2,Valencia,11.4,27.23,9.41,10.29,12.91,0.4776,2008,2
1091,2008T2,Extremadura,14.1,25.92,12.42,9.4,21.12,0.4776,2008,2
1092,2008T2,Galicia,8.25,19.45,7.22,6.38,10.56,0.4776,2008,2
1093,2008T2,Madrid,8.67,20.88,7.35,7.72,9.79,0.4776,2008,2
1094,2008T2,Murcia,11.3,24.6,9.24,10.57,12.32,0.4776,2008,2
1095,2008T2,Navarra,5.8,16.59,4.75,4.83,7.11,0.4776,2008,2
1096,2008T2,País_Vasco,5.77,20.79,4.61,4.53,7.36,0.4776,2008,2
1097,2008T2,La_Rioja,6.89,18.14,5.77,5.91,8.3,0.4776,2008,2
1098,2008T2,Ceuta,19.48,42.91,15.76,14.18,29.24,0.4776,2008,2
1099,2008T2,Melilla,18.02,43.16,15.6,13.88,25.95,0.4776,2008,2
1100,2008T1,Total_Nacional,9.6,21.08,8.27,7.9,11.88,0.9372,2008,1
1101,2008T1,Andalucía,14.78,26.77,12.98,11.9,18.87,0.9372,2008,1
1102,2008T1,Aragón,6.09,16.18,5.08,5.23,7.25,0.9372,2008,1
1103,2008T1,Asturias,8.56,22.19,7.34,6.13,11.56,0.9372,2008,1
1104,2008T1,Islas_Baleares,10.98,21.38,9.84,9.11,13.48,0.9372,2008,1
1105,2008T1,Canarias,14.66,27.6,13.17,13.32,16.5,0.9372,2008,1
1106,2008T1,Cantabria,6.41,13.94,5.78,4.16,9.39,0.9372,2008,1
1107,2008T1,Castilla_y_León,8.22,18.82,7.18,5.3,12.32,0.9372,2008,1
1108,2008T1,Castilla_La_Mancha,9.58,17.07,8.46,6.76,13.88,0.9372,2008,1
1109,2008T1,Cataluña,7.52,17.6,6.44,6.76,8.51,0.9372,2008,1
1110,2008T1,Valencia,9.59,20.24,8.29,8.06,11.64,0.9372,2008,1
1111,2008T1,Extremadura,14.47,28.27,12.55,9.77,21.56,0.9372,2008,1
1112,2008T1,Galicia,8.34,19.29,7.36,7.43,9.51,0.9372,2008,1
1113,2008T1,Madrid,7.39,20.53,5.97,6.1,8.92,0.9372,2008,1
1114,2008T1,Murcia,9.38,16.53,8.32,7.87,11.58,0.9372,2008,1
1115,2008T1,Navarra,6.14,17.33,5.08,5.28,7.28,0.9372,2008,1
1116,2008T1,País_Vasco,5.8,15.14,5.09,4.6,7.38,0.9372,2008,1
1117,2008T1,La_Rioja,6.63,16.07,5.6,4.67,9.33,0.9372,2008,1
1118,2008T1,Ceuta,16.81,41.46,13.01,13.29,22.98,0.9372,2008,1
1119,2008T1,Melilla,22.69,45.21,19.88,15.66,35.82,0.9372,2008,1
1120,2007T4,Total_Nacional,8.57,18.66,7.37,6.89,10.82,2.1255,2007,4
1121,2007T4,Andalucía,13.96,24.27,12.38,10.59,18.76,2.1255,2007,4
1122,2007T4,Aragón,5.12,13.92,4.24,4.17,6.41,2.1255,2007,4
1123,2007T4,Asturias,8.0,18.12,7.11,6.39,10.05,2.1255,2007,4
1124,2007T4,Islas_Baleares,9.35,18.43,8.27,8.28,10.81,2.1255,2007,4
1125,2007T4,Canarias,10.89,20.29,9.75,9.68,12.53,2.1255,2007,4
1126,2007T4,Cantabria,4.72,10.75,4.21,3.3,6.67,2.1255,2007,4
1127,2007T4,Castilla_y_León,6.94,17.88,5.86,4.71,10.09,2.1255,2007,4
1128,2007T4,Castilla_La_Mancha,8.1,16.08,6.94,5.62,11.97,2.1255,2007,4
1129,2007T4,Cataluña,6.5,13.64,5.69,5.6,7.68,2.1255,2007,4
1130,2007T4,Valencia,8.94,20.22,7.49,7.82,10.48,2.1255,2007,4
1131,2007T4,Extremadura,14.79,28.06,12.92,10.19,21.59,2.1255,2007,4
1132,2007T4,Galicia,7.46,17.34,6.55,5.71,9.67,2.1255,2007,4
1133,2007T4,Madrid,6.4,16.38,5.34,5.37,7.62,2.1255,2007,4
1134,2007T4,Murcia,8.25,17.98,6.83,6.84,10.39,2.1255,2007,4
1135,2007T4,Navarra,4.28,7.66,3.96,3.97,4.7,2.1255,2007,4
1136,2007T4,País_Vasco,5.9,18.1,4.91,4.51,7.69,2.1255,2007,4
1137,2007T4,La_Rioja,5.88,17.34,4.5,4.1,8.45,2.1255,2007,4
1138,2007T4,Ceuta,20.18,47.33,15.56,14.22,29.96,2.1255,2007,4
1139,2007T4,Melilla,17.43,33.95,15.02,10.22,29.22,2.1255,2007,4
1140,2007T3,Total_Nacional,8.01,17.87,6.73,6.25,10.39,0.756,2007,3
1141,2007T3,Andalucía,12.57,23.64,10.75,9.49,17.15,0.756,2007,3
1142,2007T3,Aragón,4.98,13.49,4.02,3.92,6.41,0.756,2007,3
1143,2007T3,Asturias,7.13,16.14,6.3,5.85,8.77,0.756,2007,3
1144,2007T3,Islas_Baleares,4.64,7.29,4.29,3.82,5.72,0.756,2007,3
1145,2007T3,Canarias,10.8,23.2,9.14,9.08,13.11,0.756,2007,3
1146,2007T3,Cantabria,5.61,14.16,4.67,4.89,6.57,0.756,2007,3
1147,2007T3,Castilla_y_León,7.0,17.16,5.83,5.12,9.73,0.756,2007,3
1148,2007T3,Castilla_La_Mancha,7.0,16.05,5.54,5.03,10.14,0.756,2007,3
1149,2007T3,Cataluña,6.69,13.8,5.83,5.72,7.98,0.756,2007,3
1150,2007T3,Valencia,8.71,17.8,7.46,6.55,11.66,0.756,2007,3
1151,2007T3,Extremadura,12.34,25.49,10.35,8.74,17.63,0.756,2007,3
1152,2007T3,Galicia,6.63,14.71,5.76,5.74,7.74,0.756,2007,3
1153,2007T3,Madrid,5.97,17.01,4.67,4.14,8.16,0.756,2007,3
1154,2007T3,Murcia,8.21,18.35,6.61,6.82,10.32,0.756,2007,3
1155,2007T3,Navarra,4.29,11.44,3.51,2.85,6.29,0.756,2007,3
1156,2007T3,País_Vasco,6.16,16.03,5.34,4.94,7.74,0.756,2007,3
1157,2007T3,La_Rioja,5.42,13.39,4.56,4.16,7.33,0.756,2007,3
1158,2007T3,Ceuta,21.2,37.74,18.45,15.68,31.81,0.756,2007,3
1159,2007T3,Melilla,17.89,31.4,15.75,11.57,28.19,0.756,2007,3
1160,2007T2,Total_Nacional,7.93,18.12,6.68,6.15,10.35,1.3496,2007,2
1161,2007T2,Andalucía,11.95,22.59,10.34,8.66,16.76,1.3496,2007,2
1162,2007T2,Aragón,5.36,14.57,4.36,3.75,7.53,1.3496,2007,2
1163,2007T2,Asturias,9.1,18.56,8.31,6.89,11.88,1.3496,2007,2
1164,2007T2,Islas_Baleares,5.55,15.46,4.3,4.01,7.57,1.3496,2007,2
1165,2007T2,Canarias,9.87,22.58,8.25,7.57,12.99,1.3496,2007,2
1166,2007T2,Cantabria,6.41,14.4,5.66,4.49,8.99,1.3496,2007,2
1167,2007T2,Castilla_y_León,7.21,18.31,6.11,4.5,11.06,1.3496,2007,2
1168,2007T2,Castilla_La_Mancha,7.89,16.88,6.51,5.4,11.9,1.3496,2007,2
1169,2007T2,Cataluña,6.05,12.7,5.25,5.55,6.71,1.3496,2007,2
1170,2007T2,Valencia,8.75,19.19,7.33,6.93,11.26,1.3496,2007,2
1171,2007T2,Extremadura,12.0,22.74,10.59,8.56,17.07,1.3496,2007,2
1172,2007T2,Galicia,7.5,15.61,6.69,5.42,10.1,1.3496,2007,2
1173,2007T2,Madrid,6.17,17.9,4.82,5.34,7.2,1.3496,2007,2
1174,2007T2,Murcia,6.49,14.91,5.22,5.19,8.47,1.3496,2007,2
1175,2007T2,Navarra,5.18,16.93,3.92,2.68,8.67,1.3496,2007,2
1176,2007T2,País_Vasco,6.19,18.99,5.14,5.2,7.49,1.3496,2007,2
1177,2007T2,La_Rioja,5.07,19.47,3.35,3.4,7.61,1.3496,2007,2
1178,2007T2,Ceuta,20.11,30.62,18.31,15.02,29.13,1.3496,2007,2
1179,2007T2,Melilla,21.7,38.82,18.85,16.49,29.57,1.3496,2007,2
1180,2007T1,Total_Nacional,8.42,17.72,7.29,6.34,11.23,2.3304,2007,1
1181,2007T1,Andalucía,12.52,22.28,11.1,9.48,16.94,2.3304,2007,1
1182,2007T1,Aragón,5.76,12.61,5.04,3.82,8.39,2.3304,2007,1
1183,2007T1,Asturias,9.44,22.59,8.17,6.8,12.78,2.3304,2007,1
1184,2007T1,Islas_Baleares,9.33,20.9,7.93,8.1,11.02,2.3304,2007,1
1185,2007T1,Canarias,10.25,22.22,8.74,8.15,13.07,2.3304,2007,1
1186,2007T1,Cantabria,7.11,15.63,6.3,5.15,9.67,2.3304,2007,1
1187,2007T1,Castilla_y_León,7.38,16.02,6.52,4.88,10.93,2.3304,2007,1
1188,2007T1,Castilla_La_Mancha,7.67,13.98,6.71,4.82,12.26,2.3304,2007,1
1189,2007T1,Cataluña,6.65,13.29,5.89,5.51,8.14,2.3304,2007,1
1190,2007T1,Valencia,8.54,19.18,7.16,6.26,11.71,2.3304,2007,1
1191,2007T1,Extremadura,12.75,28.18,10.56,9.54,17.65,2.3304,2007,1
1192,2007T1,Galicia,8.72,16.16,8.02,6.04,12.09,2.3304,2007,1
1193,2007T1,Madrid,6.43,15.7,5.34,4.81,8.38,2.3304,2007,1
1194,2007T1,Murcia,7.21,15.1,6.03,5.12,10.52,2.3304,2007,1
1195,2007T1,Navarra,5.13,10.56,4.61,3.06,7.94,2.3304,2007,1
1196,2007T1,País_Vasco,6.64,16.69,5.82,5.23,8.48,2.3304,2007,1
1197,2007T1,La_Rioja,6.7,15.69,5.68,4.55,9.87,2.3304,2007,1
1198,2007T1,Ceuta,22.53,36.8,20.06,18.65,29.4,2.3304,2007,1
1199,2007T1,Melilla,15.67,20.26,15.0,11.45,22.7,2.3304,2007,1
1200,2006T4,Total_Nacional,8.26,17.81,7.07,6.12,11.17,1.7194,2006,4
1201,2006T4,Andalucía,12.22,20.86,10.85,8.78,17.36,1.7194,2006,4
1202,2006T4,Aragón,4.99,9.63,4.5,3.57,6.93,1.7194,2006,4
1203,2006T4,Asturias,9.09,18.09,8.27,7.06,11.71,1.7194,2006,4
1204,2006T4,Islas_Baleares,6.34,15.05,5.17,5.63,7.28,1.7194,2006,4
1205,2006T4,Canarias,11.37,23.16,9.81,8.88,14.69,1.7194,2006,4
1206,2006T4,Cantabria,5.87,15.03,4.99,4.31,7.96,1.7194,2006,4
1207,2006T4,Castilla_y_León,7.58,15.83,6.72,4.83,11.48,1.7194,2006,4
1208,2006T4,Castilla_La_Mancha,8.05,14.89,7.01,4.47,13.9,1.7194,2006,4
1209,2006T4,Cataluña,6.56,14.54,5.63,5.57,7.86,1.7194,2006,4
1210,2006T4,Valencia,8.48,18.23,7.2,6.37,11.38,1.7194,2006,4
1211,2006T4,Extremadura,12.94,22.97,11.53,9.44,18.3,1.7194,2006,4
1212,2006T4,Galicia,7.88,16.57,7.07,5.3,11.05,1.7194,2006,4
1213,2006T4,Madrid,6.46,17.33,5.13,4.68,8.58,1.7194,2006,4
1214,2006T4,Murcia,7.85,17.61,6.33,6.12,10.51,1.7194,2006,4
1215,2006T4,Navarra,4.59,12.58,3.8,2.38,7.57,1.7194,2006,4
1216,2006T4,País_Vasco,6.92,21.85,5.59,5.02,9.36,1.7194,2006,4
1217,2006T4,La_Rioja,6.88,21.84,5.26,5.46,8.99,1.7194,2006,4
1218,2006T4,Ceuta,14.44,37.54,10.77,8.5,24.2,1.7194,2006,4
1219,2006T4,Melilla,9.86,20.56,7.72,6.2,15.98,1.7194,2006,4
1220,2006T3,Total_Nacional,8.08,16.9,6.91,6.05,10.91,1.7621,2006,3
1221,2006T3,Andalucía,12.43,21.77,10.89,9.1,17.51,1.7621,2006,3
1222,2006T3,Aragón,5.08,9.12,4.61,3.39,7.43,1.7621,2006,3
1223,2006T3,Asturias,9.41,21.08,8.25,6.61,13.09,1.7621,2006,3
1224,2006T3,Islas_Baleares,4.72,9.64,4.03,3.98,5.68,1.7621,2006,3
1225,2006T3,Canarias,11.81,23.32,10.18,10.21,14.04,1.7621,2006,3
1226,2006T3,Cantabria,6.4,18.04,5.12,4.12,9.47,1.7621,2006,3
1227,2006T3,Castilla_y_León,7.52,16.46,6.46,4.93,11.26,1.7621,2006,3
1228,2006T3,Castilla_La_Mancha,8.86,16.89,7.56,5.82,13.93,1.7621,2006,3
1229,2006T3,Cataluña,6.17,13.81,5.21,4.79,8.02,1.7621,2006,3
1230,2006T3,Valencia,8.27,17.18,6.98,6.49,10.8,1.7621,2006,3
1231,2006T3,Extremadura,11.13,19.33,9.81,8.09,15.86,1.7621,2006,3
1232,2006T3,Galicia,7.17,15.48,6.27,5.49,9.22,1.7621,2006,3
1233,2006T3,Madrid,5.97,13.16,5.09,3.85,8.6,1.7621,2006,3
1234,2006T3,Murcia,7.88,16.84,6.48,6.12,10.6,1.7621,2006,3
1235,2006T3,Navarra,4.97,13.4,3.97,3.63,6.79,1.7621,2006,3
1236,2006T3,País_Vasco,6.69,18.06,5.62,5.73,7.97,1.7621,2006,3
1237,2006T3,La_Rioja,5.73,12.86,4.92,5.23,6.44,1.7621,2006,3
1238,2006T3,Ceuta,19.79,65.7,13.31,12.56,30.93,1.7621,2006,3
1239,2006T3,Melilla,12.98,15.92,12.37,6.75,22.8,1.7621,2006,3
1240,2006T2,Total_Nacional,8.44,18.2,7.18,6.38,11.28,2.214,2006,2
1241,2006T2,Andalucía,12.53,21.75,11.04,9.25,17.43,2.214,2006,2
1242,2006T2,Aragón,5.75,11.35,5.12,4.1,8.17,2.214,2006,2
1243,2006T2,Asturias,8.09,22.22,6.72,5.98,10.96,2.214,2006,2
1244,2006T2,Islas_Baleares,6.53,13.83,5.56,5.28,8.14,2.214,2006,2
1245,2006T2,Canarias,11.27,23.39,9.59,8.92,14.55,2.214,2006,2
1246,2006T2,Cantabria,6.53,15.51,5.7,3.78,10.27,2.214,2006,2
1247,2006T2,Castilla_y_León,8.24,18.5,7.12,5.26,12.59,2.214,2006,2
1248,2006T2,Castilla_La_Mancha,9.05,18.5,7.58,5.63,14.8,2.214,2006,2
1249,2006T2,Cataluña,6.31,14.77,5.27,5.03,8.01,2.214,2006,2
1250,2006T2,Valencia,7.75,17.99,6.33,5.89,10.36,2.214,2006,2
1251,2006T2,Extremadura,13.53,25.43,11.71,10.48,18.32,2.214,2006,2
1252,2006T2,Galicia,8.45,17.59,7.51,5.86,11.69,2.214,2006,2
1253,2006T2,Madrid,6.91,15.53,5.9,5.36,8.78,2.214,2006,2
1254,2006T2,Murcia,8.03,16.91,6.57,6.26,10.73,2.214,2006,2
1255,2006T2,Navarra,5.69,12.99,4.89,5.46,5.99,2.214,2006,2
1256,2006T2,País_Vasco,7.25,21.51,5.95,6.1,8.75,2.214,2006,2
1257,2006T2,La_Rioja,5.99,11.51,5.38,5.37,6.87,2.214,2006,2
1258,2006T2,Ceuta,23.18,57.11,17.29,18.93,29.91,2.214,2006,2
1259,2006T2,Melilla,14.65,28.57,11.57,10.3,22.57,2.214,2006,2
1260,2006T1,Total_Nacional,9.03,18.71,7.79,6.86,12.03,1.8482,2006,1
1261,2006T1,Andalucía,13.31,22.3,11.86,9.96,18.37,1.8482,2006,1
1262,2006T1,Aragón,6.29,17.49,5.09,4.4,9.01,1.8482,2006,1
1263,2006T1,Asturias,10.06,27.96,8.26,7.59,13.36,1.8482,2006,1
1264,2006T1,Islas_Baleares,8.41,15.38,7.47,6.13,11.62,1.8482,2006,1
1265,2006T1,Canarias,12.03,23.81,10.47,9.85,15.11,1.8482,2006,1
1266,2006T1,Cantabria,7.06,17.72,5.93,4.88,10.05,1.8482,2006,1
1267,2006T1,Castilla_y_León,9.14,16.85,8.36,5.97,13.8,1.8482,2006,1
1268,2006T1,Castilla_La_Mancha,9.43,17.78,8.12,5.39,16.19,1.8482,2006,1
1269,2006T1,Cataluña,6.93,15.27,5.89,5.6,8.7,1.8482,2006,1
1270,2006T1,Valencia,8.84,18.41,7.56,6.91,11.59,1.8482,2006,1
1271,2006T1,Extremadura,15.65,29.16,13.61,11.74,21.79,1.8482,2006,1
1272,2006T1,Galicia,9.91,21.46,8.67,7.27,13.15,1.8482,2006,1
1273,2006T1,Madrid,5.87,12.55,5.11,4.7,7.29,1.8482,2006,1
1274,2006T1,Murcia,7.75,17.06,6.31,5.39,11.47,1.8482,2006,1
1275,2006T1,Navarra,6.25,17.88,5.06,5.16,7.72,1.8482,2006,1
1276,2006T1,País_Vasco,7.8,23.01,6.41,6.12,10.04,1.8482,2006,1
1277,2006T1,La_Rioja,5.85,13.57,5.01,4.35,7.99,1.8482,2006,1
1278,2006T1,Ceuta,27.49,57.61,22.29,24.64,32.43,1.8482,2006,1
1279,2006T1,Melilla,16.92,29.76,14.4,10.81,26.62,1.8482,2006,1
1280,2005T4,Total_Nacional,8.71,18.62,7.41,6.73,11.47,2.2667,2005,4
1281,2005T4,Andalucía,13.8,24.23,12.08,10.3,19.21,2.2667,2005,4
1282,2005T4,Aragón,5.76,14.96,4.75,3.78,8.65,2.2667,2005,4
1283,2005T4,Asturias,9.3,24.25,7.9,6.67,12.96,2.2667,2005,4
1284,2005T4,Islas_Baleares,7.5,16.48,6.26,5.43,10.36,2.2667,2005,4
1285,2005T4,Canarias,10.88,21.81,9.4,9.08,13.44,2.2667,2005,4
1286,2005T4,Cantabria,8.01,19.04,6.78,6.1,10.63,2.2667,2005,4
1287,2005T4,Castilla_y_León,8.53,19.99,7.27,5.75,12.61,2.2667,2005,4
1288,2005T4,Castilla_La_Mancha,9.42,18.92,7.9,5.94,15.16,2.2667,2005,4
1289,2005T4,Cataluña,6.63,15.31,5.54,5.55,8.09,2.2667,2005,4
1290,2005T4,Valencia,8.13,17.81,6.8,6.52,10.44,2.2667,2005,4
1291,2005T4,Extremadura,15.16,28.51,13.01,12.15,19.88,2.2667,2005,4
1292,2005T4,Galicia,9.14,18.07,8.17,6.47,12.46,2.2667,2005,4
1293,2005T4,Madrid,5.9,12.73,5.08,4.89,7.14,2.2667,2005,4
1294,2005T4,Murcia,7.43,16.25,5.99,5.57,10.4,2.2667,2005,4
1295,2005T4,Navarra,5.92,16.25,4.84,5.04,7.08,2.2667,2005,4
1296,2005T4,País_Vasco,6.45,17.3,5.42,5.26,8.04,2.2667,2005,4
1297,2005T4,La_Rioja,6.69,17.71,5.4,4.61,9.67,2.2667,2005,4
1298,2005T4,Ceuta,17.14,45.48,12.69,11.31,27.87,2.2667,2005,4
1299,2005T4,Melilla,12.33,31.88,9.63,4.83,23.07,2.2667,2005,4
1300,2005T3,Total_Nacional,8.41,18.01,7.06,6.56,11.04,1.9487,2005,3
1301,2005T3,Andalucía,13.5,23.47,11.74,9.88,19.2,1.9487,2005,3
1302,2005T3,Aragón,5.23,10.9,4.5,3.51,7.76,1.9487,2005,3
1303,2005T3,Asturias,8.99,21.25,7.7,6.75,12.08,1.9487,2005,3
1304,2005T3,Islas_Baleares,4.91,16.64,3.22,2.88,7.48,1.9487,2005,3
1305,2005T3,Canarias,11.03,22.54,9.38,9.49,13.18,1.9487,2005,3
1306,2005T3,Cantabria,7.07,14.33,6.19,5.96,8.68,1.9487,2005,3
1307,2005T3,Castilla_y_León,7.68,15.51,6.71,5.0,11.7,1.9487,2005,3
1308,2005T3,Castilla_La_Mancha,8.44,18.29,6.85,5.22,13.79,1.9487,2005,3
1309,2005T3,Cataluña,6.13,15.58,4.84,5.8,6.6,1.9487,2005,3
1310,2005T3,Valencia,7.88,15.47,6.76,5.62,11.16,1.9487,2005,3
1311,2005T3,Extremadura,15.22,26.36,13.31,11.48,20.99,1.9487,2005,3
1312,2005T3,Galicia,8.59,15.65,7.72,6.27,11.61,1.9487,2005,3
1313,2005T3,Madrid,6.22,16.15,4.97,5.33,7.31,1.9487,2005,3
1314,2005T3,Murcia,7.65,12.02,6.89,6.82,9.0,1.9487,2005,3
1315,2005T3,Navarra,5.26,19.19,3.64,3.73,7.38,1.9487,2005,3
1316,2005T3,País_Vasco,7.49,19.7,6.33,6.12,9.4,1.9487,2005,3
1317,2005T3,La_Rioja,4.77,10.96,3.99,3.76,6.33,1.9487,2005,3
1318,2005T3,Ceuta,17.69,40.88,13.73,13.46,25.8,1.9487,2005,3
1319,2005T3,Melilla,11.82,28.17,9.26,5.36,21.31,1.9487,2005,3
1320,2005T2,Total_Nacional,9.32,20.29,7.83,7.41,12.0,2.0546,2005,2
1321,2005T2,Andalucía,13.71,25.92,11.66,10.71,18.34,2.0546,2005,2
1322,2005T2,Aragón,6.43,12.61,5.62,4.3,9.52,2.0546,2005,2
1323,2005T2,Asturias,10.68,24.98,9.24,8.82,13.36,2.0546,2005,2
1324,2005T2,Islas_Baleares,6.06,16.47,4.5,4.25,8.41,2.0546,2005,2
1325,2005T2,Canarias,12.18,27.89,10.06,10.55,14.48,2.0546,2005,2
1326,2005T2,Cantabria,9.11,18.83,8.04,6.12,13.34,2.0546,2005,2
1327,2005T2,Castilla_y_León,8.65,19.81,7.4,5.4,13.58,2.0546,2005,2
1328,2005T2,Castilla_La_Mancha,9.41,18.1,8.06,5.52,15.92,2.0546,2005,2
1329,2005T2,Cataluña,7.11,15.0,6.07,6.08,8.5,2.0546,2005,2
1330,2005T2,Valencia,9.27,21.06,7.59,7.45,11.89,2.0546,2005,2
1331,2005T2,Extremadura,15.18,27.5,13.26,10.66,22.2,2.0546,2005,2
1332,2005T2,Galicia,11.03,23.51,9.57,7.98,14.94,2.0546,2005,2
1333,2005T2,Madrid,6.96,17.02,5.68,7.07,6.82,2.0546,2005,2
1334,2005T2,Murcia,8.06,15.59,6.8,5.84,11.63,2.0546,2005,2
1335,2005T2,Navarra,5.27,12.13,4.56,4.11,6.87,2.0546,2005,2
1336,2005T2,País_Vasco,7.7,21.37,6.43,5.6,10.53,2.0546,2005,2
1337,2005T2,La_Rioja,6.42,16.36,5.08,3.61,10.55,2.0546,2005,2
1338,2005T2,Ceuta,23.09,50.01,18.51,16.08,34.92,2.0546,2005,2
1339,2005T2,Melilla,15.64,49.28,9.98,11.75,21.59,2.0546,2005,2
1340,2005T1,Total_Nacional,10.17,21.69,8.62,7.84,13.46,1.5626,2005,1
1341,2005T1,Andalucía,14.29,24.82,12.51,10.64,19.9,1.5626,2005,1
1342,2005T1,Aragón,6.16,13.71,5.18,4.73,8.25,1.5626,2005,1
1343,2005T1,Asturias,11.18,24.58,9.72,9.6,13.42,1.5626,2005,1
1344,2005T1,Islas_Baleares,10.7,23.47,8.82,8.38,13.93,1.5626,2005,1
1345,2005T1,Canarias,12.74,25.37,10.99,10.92,15.32,1.5626,2005,1
1346,2005T1,Cantabria,9.83,19.91,8.71,6.86,14.23,1.5626,2005,1
1347,2005T1,Castilla_y_León,10.15,22.71,8.73,6.21,16.11,1.5626,2005,1
1348,2005T1,Castilla_La_Mancha,9.63,17.32,8.48,6.31,15.42,1.5626,2005,1
1349,2005T1,Cataluña,7.79,17.24,6.56,6.19,9.94,1.5626,2005,1
1350,2005T1,Valencia,10.24,24.18,8.32,8.1,13.29,1.5626,2005,1
1351,2005T1,Extremadura,17.38,32.26,15.12,12.06,25.77,1.5626,2005,1
1352,2005T1,Galicia,10.79,26.02,8.95,8.01,14.41,1.5626,2005,1
1353,2005T1,Madrid,8.26,20.89,6.78,7.49,9.25,1.5626,2005,1
1354,2005T1,Murcia,9.01,17.69,7.44,5.54,14.66,1.5626,2005,1
1355,2005T1,Navarra,6.17,10.51,5.73,4.69,8.27,1.5626,2005,1
1356,2005T1,País_Vasco,8.01,17.45,7.12,6.08,10.61,1.5626,2005,1
1357,2005T1,La_Rioja,7.62,12.72,6.95,4.56,12.24,1.5626,2005,1
1358,2005T1,Ceuta,19.84,41.55,16.5,16.87,24.97,1.5626,2005,1
1359,2005T1,Melilla,17.24,40.61,12.62,9.04,29.52,1.5626,2005,1
1360,2004T4,Total_Nacional,10.53,21.27,9.13,7.83,14.35,2.2307,2004,4
1361,2004T4,Andalucía,15.99,25.68,14.41,11.8,22.46,2.2307,2004,4
1362,2004T4,Aragón,5.56,13.12,4.72,4.03,7.87,2.2307,2004,4
1363,2004T4,Asturias,10.24,26.67,8.8,7.04,14.83,2.2307,2004,4
1364,2004T4,Islas_Baleares,8.09,16.15,7.01,6.47,10.26,2.2307,2004,4
1365,2004T4,Canarias,10.75,25.53,8.77,8.35,14.06,2.2307,2004,4
1366,2004T4,Cantabria,11.1,19.91,10.2,8.59,14.82,2.2307,2004,4
1367,2004T4,Castilla_y_León,10.48,23.34,9.1,6.46,16.63,2.2307,2004,4
1368,2004T4,Castilla_La_Mancha,10.2,18.18,9.0,6.01,17.15,2.2307,2004,4
1369,2004T4,Cataluña,9.32,19.02,8.08,7.29,12.04,2.2307,2004,4
1370,2004T4,Valencia,10.11,23.14,8.18,7.71,13.45,2.2307,2004,4
1371,2004T4,Extremadura,17.65,27.66,16.18,12.32,26.05,2.2307,2004,4
1372,2004T4,Galicia,12.47,24.27,11.13,9.06,16.82,2.2307,2004,4
1373,2004T4,Madrid,6.95,16.12,5.94,5.4,8.92,2.2307,2004,4
1374,2004T4,Murcia,9.96,18.2,8.46,6.54,15.5,2.2307,2004,4
1375,2004T4,Navarra,5.14,12.04,4.44,4.06,6.72,2.2307,2004,4
1376,2004T4,País_Vasco,9.26,20.88,8.16,7.46,11.75,2.2307,2004,4
1377,2004T4,La_Rioja,4.68,12.47,3.69,4.57,4.85,2.2307,2004,4
1378,2004T4,Ceuta,6.59,17.35,5.42,6.2,7.49,2.2307,2004,4
1379,2004T4,Melilla,12.49,20.29,11.56,10.39,15.47,2.2307,2004,4
1380,2004T3,Total_Nacional,10.74,21.63,9.22,8.2,14.36,1.9579,2004,3
1381,2004T3,Andalucía,17.47,28.09,15.6,13.1,24.35,1.9579,2004,3
1382,2004T3,Aragón,4.73,10.68,4.0,3.07,7.21,1.9579,2004,3
1383,2004T3,Asturias,9.25,24.56,7.7,7.41,11.96,1.9579,2004,3
1384,2004T3,Islas_Baleares,6.77,14.67,5.51,6.13,7.59,1.9579,2004,3
1385,2004T3,Canarias,11.45,25.41,9.55,9.04,14.86,1.9579,2004,3
1386,2004T3,Cantabria,9.16,19.19,8.07,6.0,13.83,1.9579,2004,3
1387,2004T3,Castilla_y_León,9.77,20.83,8.51,6.24,15.19,1.9579,2004,3
1388,2004T3,Castilla_La_Mancha,8.98,16.27,7.79,5.24,15.49,1.9579,2004,3
1389,2004T3,Cataluña,9.44,20.77,7.85,7.63,11.85,1.9579,2004,3
1390,2004T3,Valencia,11.19,20.85,9.66,8.77,14.6,1.9579,2004,3
1391,2004T3,Extremadura,16.28,25.7,14.81,9.98,26.41,1.9579,2004,3
1392,2004T3,Galicia,12.93,23.58,11.65,8.81,18.19,1.9579,2004,3
1393,2004T3,Madrid,6.49,17.32,5.28,5.5,7.79,1.9579,2004,3
1394,2004T3,Murcia,10.25,17.03,8.99,7.72,14.17,1.9579,2004,3
1395,2004T3,Navarra,5.02,13.39,4.04,3.74,6.94,1.9579,2004,3
1396,2004T3,País_Vasco,9.71,25.63,8.19,8.68,11.16,1.9579,2004,3
1397,2004T3,La_Rioja,5.98,7.78,5.73,6.25,5.56,1.9579,2004,3
1398,2004T3,Ceuta,7.67,21.04,6.35,6.54,10.32,1.9579,2004,3
1399,2004T3,Melilla,19.75,41.79,15.96,12.95,28.59,1.9579,2004,3
1400,2004T2,Total_Nacional,11.09,22.46,9.56,8.33,15.03,1.5187,2004,2
1401,2004T2,Andalucía,17.36,28.83,15.47,12.67,24.66,1.5187,2004,2
1402,2004T2,Aragón,5.52,13.76,4.6,3.68,8.27,1.5187,2004,2
1403,2004T2,Asturias,10.34,30.06,8.23,7.2,14.9,1.5187,2004,2
1404,2004T2,Islas_Baleares,9.06,17.4,7.8,7.92,10.56,1.5187,2004,2
1405,2004T2,Canarias,12.7,28.18,10.58,10.26,16.18,1.5187,2004,2
1406,2004T2,Cantabria,10.55,22.39,9.27,7.22,15.51,1.5187,2004,2
1407,2004T2,Castilla_y_León,10.97,22.77,9.72,6.92,17.21,1.5187,2004,2
1408,2004T2,Castilla_La_Mancha,8.9,15.27,7.91,4.51,16.59,1.5187,2004,2
1409,2004T2,Cataluña,9.76,22.96,7.96,8.25,11.8,1.5187,2004,2
1410,2004T2,Valencia,10.27,19.69,8.85,8.02,13.46,1.5187,2004,2
1411,2004T2,Extremadura,18.04,28.75,16.43,11.47,28.83,1.5187,2004,2
1412,2004T2,Galicia,14.13,27.78,12.55,9.14,20.49,1.5187,2004,2
1413,2004T2,Madrid,6.86,13.78,6.06,5.91,8.09,1.5187,2004,2
1414,2004T2,Murcia,10.91,21.24,9.01,7.31,16.55,1.5187,2004,2
1415,2004T2,Navarra,5.45,12.7,4.73,4.52,6.8,1.5187,2004,2
1416,2004T2,País_Vasco,9.6,24.82,8.13,7.56,12.43,1.5187,2004,2
1417,2004T2,La_Rioja,5.27,9.79,4.66,4.53,6.47,1.5187,2004,2
1418,2004T2,Ceuta,13.9,53.93,8.71,10.92,20.25,1.5187,2004,2
1419,2004T2,Melilla,17.34,27.57,15.69,11.32,25.69,1.5187,2004,2
1420,2004T1,Total_Nacional,11.5,22.65,10.0,8.68,15.55,1.754,2004,1
1421,2004T1,Andalucía,17.15,27.72,15.39,12.85,23.89,1.754,2004,1
1422,2004T1,Aragón,6.82,16.98,5.68,4.7,9.97,1.754,2004,1
1423,2004T1,Asturias,11.46,28.01,9.77,7.65,16.81,1.754,2004,1
1424,2004T1,Islas_Baleares,12.75,25.47,10.83,9.69,16.93,1.754,2004,1
1425,2004T1,Canarias,12.79,26.77,10.84,10.1,16.56,1.754,2004,1
1426,2004T1,Cantabria,11.44,27.39,9.6,9.39,14.54,1.754,2004,1
1427,2004T1,Castilla_y_León,11.61,25.89,10.07,7.31,18.29,1.754,2004,1
1428,2004T1,Castilla_La_Mancha,9.97,16.1,8.99,5.28,18.05,1.754,2004,1
1429,2004T1,Cataluña,10.37,22.17,8.76,8.72,12.6,1.754,2004,1
1430,2004T1,Valencia,10.26,19.09,8.91,8.3,13.06,1.754,2004,1
1431,2004T1,Extremadura,17.03,26.86,15.63,11.06,27.03,1.754,2004,1
1432,2004T1,Galicia,14.62,26.52,13.26,9.76,20.75,1.754,2004,1
1433,2004T1,Madrid,6.65,15.61,5.63,5.33,8.37,1.754,2004,1
1434,2004T1,Murcia,11.79,17.76,10.68,8.42,17.26,1.754,2004,1
1435,2004T1,Navarra,6.68,16.44,5.7,4.77,9.41,1.754,2004,1
1436,2004T1,País_Vasco,10.7,27.98,8.99,8.95,13.11,1.754,2004,1
1437,2004T1,La_Rioja,7.86,19.36,6.38,4.98,12.62,1.754,2004,1
1438,2004T1,Ceuta,15.25,34.16,12.56,10.55,25.61,1.754,2004,1
1439,2004T1,Melilla,20.77,39.34,17.37,13.53,30.66,1.754,2004,1
1440,2003T4,Total_Nacional,11.37,22.94,9.78,8.58,15.41,1.7672,2003,4
1441,2003T4,Andalucía,18.35,30.53,16.29,13.72,25.54,1.7672,2003,4
1442,2003T4,Aragón,6.53,14.18,5.72,4.24,9.98,1.7672,2003,4
1443,2003T4,Asturias,10.14,25.61,8.47,7.11,14.47,1.7672,2003,4
1444,2003T4,Islas_Baleares,10.01,20.59,8.41,9.22,11.1,1.7672,2003,4
1445,2003T4,Canarias,12.04,23.79,10.38,9.49,15.69,1.7672,2003,4
1446,2003T4,Cantabria,10.42,20.08,9.23,7.99,14.11,1.7672,2003,4
1447,2003T4,Castilla_y_León,11.02,24.35,9.56,6.55,17.89,1.7672,2003,4
1448,2003T4,Castilla_La_Mancha,9.8,17.54,8.54,5.52,16.98,1.7672,2003,4
1449,2003T4,Cataluña,9.72,21.88,8.04,7.87,12.25,1.7672,2003,4
1450,2003T4,Valencia,10.68,17.5,9.63,8.35,14.06,1.7672,2003,4
1451,2003T4,Extremadura,17.14,28.79,15.5,12.62,24.57,1.7672,2003,4
1452,2003T4,Galicia,13.46,25.23,12.05,8.94,19.29,1.7672,2003,4
1453,2003T4,Madrid,7.16,19.76,5.65,5.69,9.12,1.7672,2003,4
1454,2003T4,Murcia,10.76,20.52,8.91,7.18,16.52,1.7672,2003,4
1455,2003T4,Navarra,6.16,17.26,4.95,4.73,8.21,1.7672,2003,4
1456,2003T4,País_Vasco,9.93,23.84,8.53,8.82,11.49,1.7672,2003,4
1457,2003T4,La_Rioja,6.75,17.85,5.37,4.89,9.88,1.7672,2003,4
1458,2003T4,Ceuta,9.65,19.96,8.08,7.91,13.78,1.7672,2003,4
1459,2003T4,Melilla,19.88,28.93,18.29,16.96,24.12,1.7672,2003,4
1460,2003T3,Total_Nacional,11.3,22.19,9.71,8.39,15.54,1.3679,2003,3
1461,2003T3,Andalucía,18.5,28.79,16.69,13.36,26.65,1.3679,2003,3
1462,2003T3,Aragón,5.88,14.86,4.8,4.81,7.57,1.3679,2003,3
1463,2003T3,Asturias,11.8,27.83,9.92,8.54,16.48,1.3679,2003,3
1464,2003T3,Islas_Baleares,7.02,18.02,5.25,6.19,8.1,1.3679,2003,3
1465,2003T3,Canarias,11.2,21.83,9.64,8.82,14.66,1.3679,2003,3
1466,2003T3,Cantabria,10.86,19.33,9.73,7.23,16.5,1.3679,2003,3
1467,2003T3,Castilla_y_León,10.83,22.63,9.44,6.62,17.4,1.3679,2003,3
1468,2003T3,Castilla_La_Mancha,9.75,17.48,8.45,5.69,16.78,1.3679,2003,3
1469,2003T3,Cataluña,10.02,22.78,8.14,8.08,12.68,1.3679,2003,3
1470,2003T3,Valencia,11.27,17.81,10.18,8.9,14.74,1.3679,2003,3
1471,2003T3,Extremadura,15.99,24.08,14.79,11.04,24.05,1.3679,2003,3
1472,2003T3,Galicia,12.48,24.35,10.92,8.33,17.91,1.3679,2003,3
1473,2003T3,Madrid,7.48,18.85,6.07,5.59,10.01,1.3679,2003,3
1474,2003T3,Murcia,10.55,20.94,8.48,7.71,15.21,1.3679,2003,3
1475,2003T3,Navarra,5.85,16.86,4.48,4.55,7.72,1.3679,2003,3
1476,2003T3,País_Vasco,9.27,22.02,7.94,7.38,11.93,1.3679,2003,3
1477,2003T3,La_Rioja,5.81,13.12,4.88,3.77,9.01,1.3679,2003,3
1478,2003T3,Ceuta,8.93,21.72,7.07,7.65,12.11,1.3679,2003,3
1479,2003T3,Melilla,6.53,7.71,6.37,7.31,5.27,1.3679,2003,3
1480,2003T2,Total_Nacional,11.28,22.28,9.72,8.27,15.68,2.0002,2003,2
1481,2003T2,Andalucía,17.95,29.48,15.93,13.43,25.12,2.0002,2003,2
1482,2003T2,Aragón,6.74,15.08,5.82,4.54,10.16,2.0002,2003,2
1483,2003T2,Asturias,10.82,24.17,9.38,7.31,15.98,2.0002,2003,2
1484,2003T2,Islas_Baleares,9.39,24.2,7.01,7.68,11.71,2.0002,2003,2
1485,2003T2,Canarias,11.43,23.98,9.58,8.91,15.02,2.0002,2003,2
1486,2003T2,Cantabria,10.29,18.83,9.21,7.16,15.06,2.0002,2003,2
1487,2003T2,Castilla_y_León,11.17,24.89,9.62,6.35,18.62,2.0002,2003,2
1488,2003T2,Castilla_La_Mancha,10.07,16.36,9.09,5.99,17.11,2.0002,2003,2
1489,2003T2,Cataluña,10.53,23.86,8.63,8.47,13.37,2.0002,2003,2
1490,2003T2,Valencia,11.42,20.24,9.97,8.41,15.84,2.0002,2003,2
1491,2003T2,Extremadura,16.48,21.4,15.8,12.06,23.67,2.0002,2003,2
1492,2003T2,Galicia,11.88,24.39,10.34,8.05,16.93,2.0002,2003,2
1493,2003T2,Madrid,7.06,14.28,6.17,5.18,9.61,2.0002,2003,2
1494,2003T2,Murcia,9.8,17.11,8.38,6.99,14.33,2.0002,2003,2
1495,2003T2,Navarra,5.49,14.29,4.51,4.07,7.55,2.0002,2003,2
1496,2003T2,País_Vasco,9.19,23.22,7.8,6.32,13.17,2.0002,2003,2
1497,2003T2,La_Rioja,5.11,9.63,4.53,2.83,8.8,2.0002,2003,2
1498,2003T2,Ceuta,9.79,22.22,7.71,8.05,14.04,2.0002,2003,2
1499,2003T2,Melilla,5.06,13.82,3.98,3.72,7.22,2.0002,2003,2
1500,2003T1,Total_Nacional,11.99,23.39,10.37,8.76,16.73,1.9207,2003,1
1501,2003T1,Andalucía,19.0,30.97,16.94,14.28,26.49,1.9207,2003,1
1502,2003T1,Aragón,7.38,19.05,6.04,5.33,10.6,1.9207,2003,1
1503,2003T1,Asturias,12.44,30.15,10.42,8.95,17.57,1.9207,2003,1
1504,2003T1,Islas_Baleares,12.68,27.09,10.34,9.07,17.7,1.9207,2003,1
1505,2003T1,Canarias,10.69,21.94,8.96,7.83,14.82,1.9207,2003,1
1506,2003T1,Cantabria,10.07,23.46,8.42,6.97,14.83,1.9207,2003,1
1507,2003T1,Castilla_y_León,11.39,26.73,9.57,7.2,18.02,1.9207,2003,1
1508,2003T1,Castilla_La_Mancha,10.93,18.9,9.63,7.03,17.69,1.9207,2003,1
1509,2003T1,Cataluña,10.74,22.56,9.06,8.61,13.74,1.9207,2003,1
1510,2003T1,Valencia,11.6,21.58,9.97,8.53,16.15,1.9207,2003,1
1511,2003T1,Extremadura,19.55,26.4,18.61,14.65,27.55,1.9207,2003,1
1512,2003T1,Galicia,12.87,27.78,11.03,8.58,18.59,1.9207,2003,1
1513,2003T1,Madrid,7.77,14.18,7.0,5.22,11.13,1.9207,2003,1
1514,2003T1,Murcia,12.04,20.84,10.29,9.09,16.83,1.9207,2003,1
1515,2003T1,Navarra,5.69,13.67,4.8,3.31,9.17,1.9207,2003,1
1516,2003T1,País_Vasco,9.61,23.5,8.21,6.74,13.63,1.9207,2003,1
1517,2003T1,La_Rioja,6.46,12.79,5.68,3.31,11.8,1.9207,2003,1
1518,2003T1,Ceuta,9.47,17.12,8.15,6.1,17.9,1.9207,2003,1
1519,2003T1,Melilla,1.95,11.01,0.93,1.11,3.44,1.9207,2003,1
1520,2002T4,Total_Nacional,11.61,23.16,9.92,8.65,16.0,1.4646,2002,4
1521,2002T4,Andalucía,20.15,33.33,17.74,14.87,28.65,1.4646,2002,4
1522,2002T4,Aragón,6.54,15.59,5.41,4.09,10.49,1.4646,2002,4
1523,2002T4,Asturias,10.12,23.38,8.6,7.25,14.45,1.4646,2002,4
1524,2002T4,Islas_Baleares,8.69,17.43,7.27,8.3,9.23,1.4646,2002,4
1525,2002T4,Canarias,11.32,18.48,10.19,8.71,15.11,1.4646,2002,4
1526,2002T4,Cantabria,10.58,26.15,8.6,8.69,13.61,1.4646,2002,4
1527,2002T4,Castilla_y_León,10.15,24.97,8.37,6.45,16.05,1.4646,2002,4
1528,2002T4,Castilla_La_Mancha,9.85,17.11,8.64,5.88,16.87,1.4646,2002,4
1529,2002T4,Cataluña,10.61,21.69,8.96,8.72,13.27,1.4646,2002,4
1530,2002T4,Valencia,10.71,22.09,8.87,8.64,13.74,1.4646,2002,4
1531,2002T4,Extremadura,18.91,33.87,16.76,14.56,26.21,1.4646,2002,4
1532,2002T4,Galicia,11.89,24.29,10.39,8.05,17.07,1.4646,2002,4
1533,2002T4,Madrid,6.99,15.44,5.96,4.6,10.19,1.4646,2002,4
1534,2002T4,Murcia,11.45,20.53,9.68,8.43,16.33,1.4646,2002,4
1535,2002T4,Navarra,5.58,11.53,4.87,3.65,8.4,1.4646,2002,4
1536,2002T4,País_Vasco,9.64,23.8,8.15,6.79,13.57,1.4646,2002,4
1537,2002T4,La_Rioja,5.65,10.34,5.09,3.8,8.77,1.4646,2002,4
1538,2002T4,Ceuta,5.7,9.46,5.18,2.61,12.69,1.4646,2002,4
1539,2002T4,Melilla,3.57,5.05,3.39,3.74,3.21,1.4646,2002,4
1540,2002T3,Total_Nacional,11.49,22.05,9.87,8.33,16.2,1.4831,2002,3
1541,2002T3,Andalucía,20.26,32.38,17.98,14.94,28.94,1.4831,2002,3
1542,2002T3,Aragón,5.57,13.05,4.64,3.4,9.09,1.4831,2002,3
1543,2002T3,Asturias,9.67,24.27,8.01,7.49,13.07,1.4831,2002,3
1544,2002T3,Islas_Baleares,6.07,12.3,5.02,5.07,7.44,1.4831,2002,3
1545,2002T3,Canarias,11.11,20.15,9.71,7.93,15.88,1.4831,2002,3
1546,2002T3,Cantabria,10.25,25.74,8.4,7.5,14.48,1.4831,2002,3
1547,2002T3,Castilla_y_León,10.23,23.19,8.57,6.64,15.96,1.4831,2002,3
1548,2002T3,Castilla_La_Mancha,9.17,16.53,7.86,5.75,15.16,1.4831,2002,3
1549,2002T3,Cataluña,9.78,20.05,8.15,7.32,13.25,1.4831,2002,3
1550,2002T3,Valencia,11.29,19.92,9.83,8.61,15.31,1.4831,2002,3
1551,2002T3,Extremadura,19.09,31.75,17.11,13.58,28.41,1.4831,2002,3
1552,2002T3,Galicia,11.26,21.34,9.95,7.23,16.73,1.4831,2002,3
1553,2002T3,Madrid,7.75,15.54,6.74,5.61,10.6,1.4831,2002,3
1554,2002T3,Murcia,10.43,20.26,8.34,7.52,15.33,1.4831,2002,3
1555,2002T3,Navarra,6.58,12.32,5.8,3.22,11.44,1.4831,2002,3
1556,2002T3,País_Vasco,9.85,24.99,8.14,6.66,14.36,1.4831,2002,3
1557,2002T3,La_Rioja,7.74,14.6,6.86,5.58,11.47,1.4831,2002,3
1558,2002T3,Ceuta,7.73,20.35,6.03,5.28,12.79,1.4831,2002,3
1559,2002T3,Melilla,2.6,0.0,2.88,2.8,2.23,1.4831,2002,3
1560,2002T2,Total_Nacional,11.15,21.5,9.6,7.86,16.04,1.8697,2002,2
1561,2002T2,Andalucía,18.62,29.41,16.63,13.04,27.51,1.8697,2002,2
1562,2002T2,Aragón,5.86,12.09,5.11,3.5,9.72,1.8697,2002,2
1563,2002T2,Asturias,10.28,23.02,8.88,7.43,14.69,1.8697,2002,2
1564,2002T2,Islas_Baleares,6.74,14.51,5.57,5.03,9.14,1.8697,2002,2
1565,2002T2,Canarias,11.33,20.68,9.86,8.85,15.09,1.8697,2002,2
1566,2002T2,Cantabria,9.73,22.02,8.26,6.37,15.15,1.8697,2002,2
1567,2002T2,Castilla_y_León,10.65,24.67,8.95,6.52,17.33,1.8697,2002,2
1568,2002T2,Castilla_La_Mancha,9.35,17.59,7.96,6.26,14.97,1.8697,2002,2
1569,2002T2,Cataluña,9.53,19.73,7.92,7.13,12.9,1.8697,2002,2
1570,2002T2,Valencia,11.19,21.26,9.54,8.4,15.27,1.8697,2002,2
1571,2002T2,Extremadura,18.38,27.63,17.0,12.82,27.95,1.8697,2002,2
1572,2002T2,Galicia,12.05,24.9,10.48,7.8,17.73,1.8697,2002,2
1573,2002T2,Madrid,6.96,14.33,6.02,4.64,10.1,1.8697,2002,2
1574,2002T2,Murcia,11.15,20.21,9.23,8.12,16.16,1.8697,2002,2
1575,2002T2,Navarra,5.15,12.4,4.25,2.37,9.35,1.8697,2002,2
1576,2002T2,País_Vasco,9.19,20.64,8.0,6.12,13.57,1.8697,2002,2
1577,2002T2,La_Rioja,7.76,14.54,6.93,6.5,9.96,1.8697,2002,2
1578,2002T2,Ceuta,7.66,15.62,6.63,6.83,9.24,1.8697,2002,2
1579,2002T2,Melilla,0.41,0.0,0.46,0.0,1.21,1.8697,2002,2
1580,2002T1,Total_Nacional,11.55,22.08,9.96,8.36,16.35,1.5069,2002,1
1581,2002T1,Andalucía,18.95,30.13,16.92,14.29,26.47,1.5069,2002,1
1582,2002T1,Aragón,5.42,15.22,4.24,3.57,8.48,1.5069,2002,1
1583,2002T1,Asturias,9.15,21.51,7.84,6.6,13.16,1.5069,2002,1
1584,2002T1,Islas_Baleares,8.96,14.18,8.14,7.04,11.84,1.5069,2002,1
1585,2002T1,Canarias,10.57,18.4,9.32,7.94,14.5,1.5069,2002,1
1586,2002T1,Cantabria,9.54,19.39,8.32,5.42,16.18,1.5069,2002,1
1587,2002T1,Castilla_y_León,10.83,26.39,8.93,7.06,17.07,1.5069,2002,1
1588,2002T1,Castilla_La_Mancha,9.72,19.16,8.12,5.66,17.09,1.5069,2002,1
1589,2002T1,Cataluña,10.76,21.4,9.04,8.14,14.44,1.5069,2002,1
1590,2002T1,Valencia,10.07,19.4,8.47,6.97,14.65,1.5069,2002,1
1591,2002T1,Extremadura,19.79,33.63,17.54,14.1,29.7,1.5069,2002,1
1592,2002T1,Galicia,13.39,27.28,11.65,10.1,17.83,1.5069,2002,1
1593,2002T1,Madrid,7.49,14.49,6.6,5.19,10.63,1.5069,2002,1
1594,2002T1,Murcia,12.15,22.33,9.92,8.96,17.41,1.5069,2002,1
1595,2002T1,Navarra,6.03,13.51,5.03,3.67,9.68,1.5069,2002,1
1596,2002T1,País_Vasco,9.56,18.1,8.64,6.2,14.39,1.5069,2002,1
1597,2002T1,La_Rioja,7.05,15.05,6.04,5.75,9.41,1.5069,2002,1
1598,2002T1,Ceuta,7.01,23.28,4.8,4.57,12.12,1.5069,2002,1
1599,2002T1,Melilla,10.3,26.66,7.55,6.21,18.12,1.5069,2002,1
